
Sample
MR02_001-A(10min_uncoated)_f_offline
Analysis Parameter File Name
tc_withtempoffsets_20200813.par With Temp Offsets
Started: 
11/09/2020
10:40:38
ended: 
11/09/2020 
10:49:39 
Atm Pres,mm Hg
377.1
Analyst
AR
Instrument Name
Lab_NDIR1
CalConst and NDIR Coefficients
22.412,6.39122E-05,9.35543E-03,23.5264,8.59102E-06,0
FilterArea
 1.005 
TransitTime
0,9
SBasic Version
 17302 
VBasic Version
OCEC1133Ox
 390 
FID1,FID2,Sample_temperature,laserTrans,laserLowTrans,pressure psig,mode,laserRefl,laserLowRefl,DesiredTempSetPt,TempOffsetPt,TimeStamp,MethanatorTemp,FrnOvn TC,Computed Offset,CO2_ppm,M_sig,R_sig,Cvolt,Tamb_ndir
0,0,32.44279,6742,12,0.183365,Ox,3189,0,70,-4,28662,-999,34,-1.964322,-5.1786823,3145182,2782731,15.039062,51.278762
0,0,32.26991,6743,11,0.193706,Ox,3189,0,70,-4,28646,-999,34,-1.853874,-7.0123295,3146842,2782600,15.045776,51.278762
0,0,32.40571,6745,11,0.21592,Ox,3190,0,70,-4,28630,-999,34,-1.843995,-7.441667,3147805,2784104,15.045776,51.278762
0,0,32.77571,6747,10,0.206345,Ox,3191,0,70,-4,28614,-999,35,-1.851755,-9.5123538,3149294,2783183,15.05249,51.278762
0,0,32.47125,6741,12,0.158853,Ox,3191,-1,70,-4,28598,-999,34,-1.872898,-10.728076,3150416,2783592,15.059204,51.278762
0,0,33.18116,6741,12,0.128979,Ox,3192,-2,70,-4,28582,-999,35,-1.8555,-11.270486,3150650,2783096,15.059204,51.278762
0,0,33.17207,6742,11,0.122468,Ox,3190,0,70,-4,28566,-999,35,-1.896066,-12.075697,3151256,2783305,15.059204,51.278762
0,0,32.76339,6744,11,0.129362,Ox,3191,-1,70,-4,28550,-999,35,-1.895547,-12.43577,3151702,2783396,15.039062,51.278762
0,0,33.16446,6740,11,0.151193,Ox,3189,0,70,-4,28534,-999,35,-1.872194,-12.778266,3151735,2783641,15.045776,51.278762
0,0,33.17302,6738,12,0.179152,Ox,3188,0,70,-4,28518,-999,35,-1.895112,-13.486583,3152385,2783082,15.045776,51.278762
0,0,33.51873,6742,11,0.202132,Ox,3190,0,70,-4,28502,-999,35,-1.895601,-13.468412,3152284,2783442,15.045776,51.278762
0,0,33.84514,6743,10,0.210941,Ox,3189,-1,70,-4,28486,-999,36,-1.915356,-13.887803,3153340,2783452,15.05249,51.278762
0,0,33.88942,6740,11,0.215537,Ox,3189,0,70,-4,28470,-999,36,-1.934008,-13.769179,3152935,2783638,15.059204,51.278762
0,0,34.13863,6740,9,0.214771,Ox,3188,0,70,-4,28454,-999,36,-1.936538,-14.707682,3153660,2783356,15.059204,51.278762
0,0,34.06145,6740,11,0.21592,Ox,3189,-1,70,-4,28438,-999,36,-1.950779,-14.753909,3153630,2783304,15.059204,51.278762
0,0,34.44344,6741,12,0.215537,Ox,3189,0,70,-4,28422,-999,36,-1.946369,-14.733141,3153694,2783366,15.039062,51.278762
0,0,34.35868,6741,11,0.215537,Ox,3188,0,70,-4,28406,-999,36,-1.968197,-14.918762,3153518,2782953,15.045776,51.278762
0,0,34.77253,6740,10,0.214771,Ox,3189,-1,70,-4,28390,-999,37,-1.963353,-15.128034,3154308,2783281,15.045776,51.278762
0,0,34.78034,6742,11,0.214005,Ox,3188,0,70,-4,28374,-999,37,-1.987002,-16.016767,3154542,2783401,15.045776,51.278762
0,0,35.09447,6743,11,0.213239,Ox,3188,0,70,-4,28358,-999,37,-1.987448,-15.729918,3154905,2783743,15.059204,51.278762
0,0,35.13944,6742,10,0.212856,Ox,3187,-1,70,-4,28342,-999,37,-2.005399,-16.219431,3154415,2783077,15.059204,51.278762
0,0,35.67159,6740,11,0.212856,Ox,3186,-1,70,-4,28326,-999,38,-2.007968,-15.444447,3154297,2783406,15.059204,51.278762
0,0,36.67894,6743,10,0.211324,Ox,3188,0,70,-4,28310,-999,39,-2.038377,-16.111536,3154433,2783205,15.039062,51.278762
0,0,35.01744,6744,11,0.208643,Ox,3190,0,70,-4,28294,-999,37,-2.095939,-16.312357,3154797,2782939,15.039062,51.278762
0,0,35.61566,6742,11,0.207111,Ox,3192,0,70,-4,28278,-999,38,-2.000997,-16.009407,3154621,2783046,15.045776,51.278762
0,0,35.61293,6744,12,0.200983,Ox,3195,0,70,-4,28262,-999,38,-2.03518,-16.143163,3154918,2783577,15.045776,51.278762
0,0,36.65085,6749,11,0.194855,Ox,3198,0,70,-4,28246,-999,39,-2.035024,-16.479333,3155345,2783385,15.059204,51.278762
0,0,35.49087,6749,11,0.186046,Ox,3198,0,70,-4,28230,-999,38,-2.094334,-16.193521,3155211,2783626,15.059204,51.278762
0,0,35.68296,6748,11,0.175705,Ox,3197,0,70,-4,28214,-999,38,-2.028049,-16.355349,3155111,2783469,15.059204,51.278762
0,0,35.86069,6750,10,0.16613,Ox,3197,0,70,-4,28198,-999,38,-2.039026,-16.303476,3155123,2783074,15.059204,51.278762
0,0,35.69328,6751,12,0.156938,Ox,3200,1,70,-4,28182,-999,38,-2.049182,-16.624212,3155315,2783496,15.039062,51.278762
0,0,35.89154,6750,12,0.15081,Ox,3202,0,70,-4,28166,-999,38,-2.039616,-15.921504,3155380,2784146,15.045776,51.278762
0,0,36.10036,6750,12,0.149661,Ox,3200,1,70,-4,28150,-999,38,-2.050945,-16.138175,3154800,2783228,15.045776,51.278762
0,0,36.15132,6752,11,0.15464,Ox,3201,0,70,-4,28134,-999,38,-2.062878,-16.693089,3155343,2783491,15.05249,51.278762
0,0,36.65153,6753,12,0.162683,Ox,3199,0,70,-4,28118,-999,39,-2.065789,-16.499884,3155151,2783399,15.059204,51.278762
0,0,36.40284,6755,10,0.170343,Ox,3194,0,70,-4,28102,-999,38,-2.094373,-16.891062,3155136,2783569,15.059204,51.278762
0,0,35.81955,6753,12,0.178386,Ox,3192,1,70,-4,28086,-999,38,-2.080162,-16.187379,3155028,2783450,15.059204,51.278762
0,0,36.23026,6755,12,0.186812,Ox,3194,-1,70,-4,28070,-999,38,-2.046831,-16.29697,3154902,2783650,15.039062,51.278762
0,0,35.98666,6755,12,0.191791,Ox,3193,1,70,-4,28054,-999,38,-2.070301,-16.323668,3154936,2783172,15.039062,51.278762
0,0,35.87478,6754,12,0.19677,Ox,3191,0,70,-4,28038,-999,38,-2.05638,-16.36356,3155101,2783729,15.045776,51.278762
0,0,37.12605,6752,12,0.202898,Ox,3190,0,870,-73,28022,-999,38,-1.0567,-17.075264,3154915,2783012,15.045776,51.278762
0,0,36.79799,6756,11,0.207494,Ox,3190,0,870,-73,28006,-999,38,-1.164622,-17.920608,3154527,2781771,15.059204,51.278762
0,0,36.82629,6756,11,0.211324,Ox,3191,0,870,-73,27990,-999,38,-1.136327,-19.295049,3153878,2779967,15.059204,51.278762
0,0,36.82384,6755,10,0.215154,Ox,3192,0,870,-73,27974,-999,38,-1.138767,-18.63779,3151997,2779645,15.059204,51.278762
0,0,36.9184,6754,11,0.220133,Ox,3192,-1,870,-73,27958,-999,38,-1.138557,-15.63767,3151345,2780836,15.059204,51.278762
0,0,36.84735,6751,12,0.226261,Ox,3189,-1,870,-73,27942,-999,38,-1.146712,-13.161458,3152871,2783940,15.039062,51.278762
0,0,37.1994,6750,11,0.231623,Ox,3188,0,870,-73,27926,-999,38,-1.140584,-14.26029,3155233,2785525,15.045776,51.278762
0,0,37.16903,6751,11,0.236219,Ox,3186,-1,870,-73,27910,-999,38,-1.170948,-15.698276,3158109,2786663,15.045776,51.278762
0,0,37.45466,6753,11,0.241198,Ox,3183,0,870,-73,27894,-999,39,-1.168329,-17.667144,3159168,2785794,15.05249,51.278762
0,0,37.65012,6751,11,0.245794,Ox,3181,-1,870,-73,27878,-999,39,-1.192964,-17.596814,3158404,2785394,15.059204,51.278762
0,0,38.10485,6747,12,0.249241,Ox,3183,-1,870,-73,27862,-999,39,-1.209823,-18.462305,3157900,2784635,15.059204,51.278762
0,0,38.44287,6745,12,0.253071,Ox,3182,-1,870,-73,27846,-999,40,-1.249044,-18.680626,3156663,2783231,15.059204,51.278762
0,0,39.38805,6742,12,0.254986,Ox,3181,0,870,-73,27830,-999,41,-1.278197,-18.880157,3155900,2782112,15.039062,51.278762
0,0,40.12351,6742,11,0.257667,Ox,3178,-1,870,-73,27814,-999,41,-1.359719,-18.954645,3155041,2781749,15.045776,51.278762
0,0,41.22239,6737,12,0.260731,Ox,3177,-1,870,-73,27798,-999,43,-1.423153,-19.179229,3155103,2780987,15.045776,51.278762
0,0,42.38376,6729,12,0.26188,Ox,3179,-1,870,-73,27782,-999,44,-1.517931,-18.832782,3154902,2781268,15.045776,51.278762
0,0,43.75902,6727,12,0.26188,Ox,3180,0,870,-73,27766,-999,45,-1.618099,-18.979937,3154837,2781118,15.059204,51.278762
0,0,45.33484,6728,11,0.261497,Ox,3181,0,870,-73,27750,-999,47,-1.736715,-18.744754,3154460,2781290,15.059204,51.278762
0,0,47.14343,6722,12,0.263795,Ox,3178,-1,870,-73,27734,-999,49,-1.87263,-19.580665,3154716,2780920,15.059204,51.278762
0,0,49.46365,6729,11,0.263412,Ox,3173,-1,870,-73,27718,-999,51,-2.028621,-18.640157,3154118,2781353,15.059204,51.278762
0,0,51.45626,6727,12,0.263795,Ox,3173,0,870,-73,27702,-999,54,-2.22874,-19.323732,3154268,2780801,15.039062,51.278762
0,0,54.25819,6727,11,0.263412,Ox,3177,0,870,-73,27686,-999,57,-2.400602,-18.591737,3154106,2781258,15.045776,51.278762
0,0,57.23808,6723,11,0.263795,Ox,3176,-1,870,-73,27670,-999,60,-2.642269,-18.697675,3154077,2780696,15.045776,51.278762
0,0,60.3873,6711,13,0.263029,Ox,3170,0,870,-73,27654,-999,63,-2.899285,-18.270524,3153689,2781252,15.05249,51.278762
0,0,63.48764,6718,12,0.262646,Ox,3171,-1,870,-73,27638,-999,67,-3.170905,-18.615341,3153622,2780676,15.059204,51.278762
0,0,67.55571,6719,13,0.261497,Ox,3165,0,870,-73,27622,-999,71,-3.438309,-19.242719,3154147,2780491,15.059204,51.278762
0,0,71.69112,6721,13,0.261114,Ox,3167,0,870,-73,27606,-999,75,-3.78918,-18.607454,3153908,2780790,15.059204,51.278762
0,0,75.97102,6713,16,0.259965,Ox,3165,0,870,-73,27590,-999,80,-4.145859,-18.900661,3154024,2780477,15.039062,51.278762
0,0,80.48148,6713,16,0.259199,Ox,3162,-1,870,-73,27574,-999,85,-4.515001,-18.9598,3153819,2780648,15.045776,51.278762
0,0,85.52437,6715,17,0.259582,Ox,3163,-1,870,-73,27558,-999,90,-4.904027,-18.712478,3153721,2780371,15.045776,51.278762
0,0,90.97857,6709,18,0.259199,Ox,3157,0,870,-73,27542,-999,96,-5.338977,-18.84922,3153540,2780017,15.05249,51.278762
0,0,96.48146,6700,20,0.258433,Ox,3155,0,870,-73,27526,-999,102,-5.809402,-18.356708,3153239,2780119,15.059204,51.278762
0,0,102.6199,6699,22,0.25805,Ox,3154,-1,870,-73,27510,-999,109,-6.284026,-19.220587,3153635,2779808,15.059204,51.278762
0,0,108.8162,6699,24,0.256901,Ox,3155,-1,870,-73,27494,-999,116,-6.813465,-18.374124,3153096,2780419,15.059204,51.278762
0,0,115.5815,6678,29,0.256518,Ox,3152,0,870,-73,27478,-999,123,-7.347899,-18.568683,3152709,2779955,15.039062,51.278762
0,0,122.3159,6675,32,0.255369,Ox,3154,0,870,-73,27462,-999,130,-7.931405,-18.668006,3153242,2779864,15.045776,51.278762
0,0,129.562,6677,37,0.255752,Ox,3151,0,870,-73,27446,-999,138,-8.512249,-18.013807,3152656,2780313,15.045776,51.278762
0,0,137.6682,6664,40,0.255752,Ox,3148,-1,870,-73,27430,-999,147,-9.137218,-18.143417,3152498,2779907,15.045776,51.278762
0,0,145.0112,6657,45,0.254986,Ox,3141,1,870,-73,27414,-999,155,-9.83638,-17.80603,3152340,2780176,15.05249,51.278762
0,0,152.7413,6661,52,0.25422,Ox,3135,0,870,-73,27398,-999,163,-10.46971,-17.407545,3151816,2780432,15.059204,51.278762
0,0,160.7578,6654,57,0.253071,Ox,3133,-1,870,-73,27382,-999,172,-11.13643,-16.50122,3150658,2779614,15.059204,51.278762
0,0,169.4327,6643,65,0.251156,Ox,3128,1,870,-73,27366,-999,181,-11.82786,-15.080422,3149704,2779908,15.059204,51.278762
0,0,177.8205,6647,73,0.251156,Ox,3122,1,870,-73,27350,-999,190,-12.57607,-13.565547,3147886,2779338,15.039062,51.278762
0,0,186.9126,6645,82,0.250773,Ox,3124,0,870,-73,27334,-999,200,-13.29952,-9.9855232,3144972,2779947,15.045776,51.278762
0,0,195.9857,6634,91,0.249624,Ox,3121,1,870,-73,27318,-999,210,-14.08371,-5.7018952,3141506,2779882,15.045776,51.278762
0,0,205.3737,6636,103,0.250007,Ox,3123,0,870,-73,27302,-999,220,-14.86626,-1.5357048,3137235,2779857,15.05249,51.278762
0,0,215.3477,6631,115,0.249624,Ox,3123,0,870,-73,27286,-999,231,-15.67598,4.5849876,3132249,2779536,15.059204,51.278762
0,0,224.9802,6623,127,0.248858,Ox,3124,1,870,-73,27270,-999,242,-16.53624,12.39991,3125685,2779857,15.059204,51.278762
0,0,235.463,6625,143,0.248858,Ox,3126,2,870,-73,27254,-999,253,-17.36704,20.872759,3118115,2779309,15.059204,51.278762
0,0,246.0011,6618,159,0.246943,Ox,3124,1,870,-73,27238,-999,264,-18.27118,32.111136,3110164,2780394,15.039062,51.278762
0,0,256.5139,6618,178,0.247709,Ox,3110,2,870,-73,27222,-999,276,-19.1801,41.73623,3102576,2779659,15.045776,51.278762
0,0,267.755,6617,198,0.246177,Ox,3110,2,870,-73,27206,-999,288,-20.08683,53.610143,3093960,2780047,15.045776,51.278762
0,0,278.8527,6608,220,0.245411,Ox,3116,2,870,-73,27190,-999,300,-21.05637,64.287862,3086240,2779788,15.05249,51.278762
0,0,290.0918,6607,243,0.245411,Ox,3113,3,870,-73,27174,-999,312,-22.01355,74.910879,3078682,2779571,15.059204,51.278762
0,0,301.7747,6599,268,0.245794,Ox,3116,4,870,-73,27158,-999,325,-22.98292,83.661088,3072794,2779489,15.059204,51.278762
0,0,313.5189,6598,294,0.244645,Ox,3115,4,870,-73,27142,-999,338,-23.99057,92.301568,3067450,2779630,15.059204,51.278762
0,0,325.5061,6599,321,0.245028,Ox,3113,5,870,-73,27126,-999,351,-25.0035,99.316444,3062144,2779219,15.059204,51.278762
0,0,337.4552,6595,350,0.243879,Ox,3117,6,870,-73,27110,-999,363,-26.0374,106.24275,3058797,2779924,15.039062,51.278762
0,0,349.628,6592,383,0.24273,Ox,3118,6,870,-73,27094,-999,377,-27.06801,108.45563,3057050,2779530,15.045776,51.278762
0,0,361.7668,6587,415,0.24273,Ox,3117,8,870,-73,27078,-999,390,-28.11791,111.85312,3054732,2779521,15.045776,51.278762
0,0,374.2195,6586,451,0.24273,Ox,3121,8,870,-73,27062,-999,403,-29.16489,113.52932,3054312,2779512,15.05249,51.278762
0,0,386.5153,6592,486,0.241964,Ox,3125,10,870,-73,27046,-999,417,-30.23893,115.3685,3052926,2779255,15.059204,51.278762
0,0,398.7555,6584,523,0.24273,Ox,3126,12,870,-73,27030,-999,430,-31.29944,116.6922,3052310,2779351,15.059204,51.278762
0,0,411.0508,6591,562,0.24273,Ox,3135,11,870,-73,27014,-999,443,-32.35516,118.19441,3051404,2779537,15.059204,51.278762
0,0,423.4226,6589,603,0.241581,Ox,3134,14,870,-73,26998,-999,457,-33.41563,118.81979,3050828,2779095,15.039062,51.278762
0,0,435.665,6589,646,0.241198,Ox,3140,15,870,-73,26982,-999,470,-34.4827,119.85447,3050246,2779758,15.039062,51.278762
0,0,447.6799,6594,682,0.241581,Ox,3146,15,870,-73,26966,-999,483,-35.5386,121.55078,3049225,2779628,15.045776,51.278762
0,0,459.8888,6586,723,0.241198,Ox,3145,16,870,-73,26950,-999,496,-36.57489,122.13319,3048923,2779629,15.05249,51.278762
0,0,471.7282,6592,764,0.240432,Ox,3151,17,870,-73,26934,-999,509,-37.62791,123.55822,3047869,2779378,15.059204,51.278762
0,0,483.2188,6592,808,0.239666,Ox,3155,19,870,-73,26918,-999,522,-38.64906,124.3401,3047369,2779562,15.059204,51.278762
0,0,494.8595,6592,856,0.239283,Ox,3165,21,870,-73,26902,-999,534,-39.64013,124.73967,3047052,2779344,15.059204,51.278762
0,0,506.3442,6597,906,0.239283,Ox,3177,22,870,-73,26886,-999,547,-40.64413,124.78631,3047475,2779802,15.059204,51.278762
0,0,517.524,6594,961,0.2389,Ox,3178,24,870,-73,26870,-999,559,-41.63469,122.26893,3049012,2779551,15.039062,51.278762
0,0,528.6188,6600,1018,0.239666,Ox,3185,27,870,-73,26854,-999,571,-42.59895,121.78533,3049928,2779777,15.045776,51.278762
0,0,539.6398,6600,1077,0.239666,Ox,3191,28,870,-73,26838,-999,583,-43.55587,118.7154,3051536,2779665,15.045776,51.278762
0,0,550.3514,6610,1137,0.238517,Ox,3196,30,870,-73,26822,-999,595,-44.50643,115.51454,3053837,2779683,15.05249,51.278762
0,0,560.8629,6616,1200,0.239283,Ox,3206,33,870,-73,26806,-999,606,-45.43031,112.43669,3055737,2780071,15.059204,51.278762
0,0,571.1062,6621,1265,0.238517,Ox,3214,36,870,-73,26790,-999,617,-46.33693,109.08038,3057974,2779766,15.059204,51.278762
0,0,581.0284,6634,1331,0.237751,Ox,3222,38,870,-73,26774,-999,628,-47.22041,105.85873,3059602,2779608,15.059204,51.278762
0,0,590.8408,6643,1404,0.237751,Ox,3238,40,870,-73,26758,-999,639,-48.0762,104.92365,3060905,2779873,15.039062,51.278762
0,0,600.496,6653,1486,0.236602,Ox,3248,44,870,-73,26742,-999,649,-48.92251,102.85444,3062184,2779734,15.045776,51.278762
0,0,609.9983,6665,1569,0.237751,Ox,3260,48,870,-73,26726,-999,660,-49.75528,100.64829,3063253,2779985,15.045776,51.278762
0,0,619.3477,6680,1654,0.237368,Ox,3277,52,870,-73,26710,-999,670,-50.57485,99.609737,3063710,2779634,15.045776,51.278762
0,0,628.6331,6700,1742,0.237751,Ox,3300,55,870,-73,26694,-999,680,-51.38123,99.45322,3063859,2779913,15.059204,51.278762
0,0,637.4905,6716,1831,0.236985,Ox,3322,59,870,-73,26678,-999,690,-52.18211,99.275979,3063452,2779171,15.059204,51.278762
0,0,646.6649,6739,1921,0.236985,Ox,3345,64,870,-73,26662,-999,700,-52.94606,99.882793,3063094,2779430,15.059204,51.278762
0,0,655.4676,6766,2016,0.236602,Ox,3374,68,870,-73,26646,-999,709,-53.73735,102.64484,3061736,2779815,15.059204,51.278762
0,0,664.0466,6795,2112,0.236602,Ox,3409,72,870,-73,26630,-999,719,-54.49658,104.61153,3059997,2779827,15.045776,51.278762
0,0,672.7177,6832,2208,0.235836,Ox,3451,77,870,-73,26614,-999,728,-55.23652,109.14574,3056083,2779442,15.045776,51.278762
0,0,680.8254,6871,2310,0.235453,Ox,3498,82,870,-73,26598,-999,737,-55.98441,114.12003,3052847,2779679,15.045776,51.278762
0,0,689.1442,6915,2415,0.234304,Ox,3552,88,870,-73,26582,-999,746,-56.68369,120.67513,3048405,2779387,15.05249,51.278762
0,0,697.1279,6975,2521,0.234687,Ox,3624,94,870,-73,26566,-999,755,-57.40119,129.88096,3042391,2779700,15.059204,51.278762
0,0,704.9127,7042,2625,0.234687,Ox,3701,100,870,-73,26550,-999,763,-58.08978,140.56286,3035562,2779695,15.059204,51.278762
0,0,712.3959,7116,2734,0.234687,Ox,3787,106,870,-73,26534,-999,771,-58.76122,154.56578,3026790,2779748,15.059204,51.278762
0,0,720.0679,7205,2847,0.234687,Ox,3883,113,870,-73,26518,-999,779,-59.40664,170.97246,3016723,2779483,15.039062,51.278762
0,0,727.4342,7305,2961,0.234687,Ox,4003,119,870,-73,26502,-999,788,-60.06835,189.69587,3004728,2779250,15.045776,51.278762
0,0,734.5669,7420,3079,0.234687,Ox,4138,129,870,-73,26486,-999,795,-60.7037,212.59169,2992043,2779436,15.045776,51.278762
0,0,741.8828,7553,3200,0.235453,Ox,4305,137,870,-73,26470,-999,803,-61.31889,239.12813,2977160,2779197,15.05249,51.278762
0,0,748.8616,7706,3325,0.235836,Ox,4498,146,870,-73,26454,-999,811,-61.94989,271.20351,2959918,2779521,15.059204,51.278762
0,0,755.1519,7881,3453,0.235453,Ox,4722,155,870,-73,26438,-999,818,-62.55181,307.19854,2941859,2778980,15.059204,51.278762
0,0,762.3026,8067,3589,0.235836,Ox,4968,165,870,-73,26422,-999,825,-63.09435,349.67474,2921085,2779110,15.059204,51.278762
0,0,768.8427,8276,3723,0.235453,Ox,5218,177,870,-73,26406,-999,833,-63.7111,374.28784,2910221,2779605,15.059204,51.278762
0,0,775.1108,8509,3861,0.23507,Ox,5506,188,870,-73,26390,-999,839,-64.27518,425.91247,2887237,2779579,15.039062,51.278762
0,0,781.1374,8751,4004,0.234687,Ox,5820,201,870,-73,26374,-999,846,-64.81581,484.40575,2863489,2779510,15.045776,51.278762
0,0,787.4391,9012,4145,0.233921,Ox,6165,212,870,-73,26358,-999,853,-65.3356,547.48291,2838748,2778953,15.045776,51.278762
0,0,793.6356,9281,4289,0.234687,Ox,6508,225,870,-73,26342,-999,860,-65.87912,615.13109,2814199,2778913,15.05249,51.278762
0,0,799.2989,9547,4435,0.233538,Ox,6848,238,870,-73,26326,-999,866,-66.41357,687.18919,2790048,2779129,15.059204,51.278762
0,0,805.3245,9811,4584,0.234304,Ox,7159,250,870,-73,26310,-999,872,-66.90202,758.12125,2766801,2778987,15.059204,51.278762
0,0,810.7129,10071,4735,0.232772,Ox,7429,264,870,-73,26294,-999,878,-67.42174,827.79636,2745862,2778979,15.059204,51.278762
0,0,816.2879,10301,4888,0.232389,Ox,7685,276,870,-73,26278,-999,884,-67.88649,892.87462,2727113,2778680,15.039062,51.278762
0,0,821.6393,10511,5016,0.232389,Ox,7874,287,870,-73,26262,-999,890,-68.36733,948.77052,2712173,2778740,15.045776,51.278762
0,0,827.0801,10700,5135,0.232389,Ox,7997,297,870,-73,26246,-999,896,-68.8289,995.0984,2700397,2778933,15.045776,51.278762
0,0,832.0264,10850,5263,0.232006,Ox,8079,306,870,-73,26230,-999,901,-69.29816,1027.6103,2692343,2778736,15.05249,51.278762
0,0,836.7435,10943,5394,0.233155,Ox,8109,318,870,-73,26214,-999,906,-69.72478,1045.3593,2688969,2779051,15.059204,51.278762
0,0,841.7665,10999,5522,0.232006,Ox,8117,326,870,-73,26198,-999,912,-70.13162,1043.683,2690198,2778684,15.059204,51.278762
0,0,846.4284,10964,5647,0.233155,Ox,8106,337,870,-73,26182,-999,917,-70.56486,1024.1756,2696435,2778741,15.059204,51.278762
0,0,850.7546,11044,5436,0.233155,Ox,8105,320,870,-73,26166,-999,922,-70.96695,990.23799,2707411,2778786,15.039062,51.278762
0,0,854.7106,10894,5357,0.232389,Ox,8089,314,870,-73,26150,-999,926,-71.34009,939.35031,2722704,2779184,15.039062,51.278762
0,0,857.4244,10842,4644,0.232006,Ox,8079,260,870,-73,26134,-999,929,-71.68128,874.91712,2742248,2779111,15.045776,51.278762
0,0,858.9683,11002,4043,0.232389,Ox,8094,218,870,-73,26118,-999,931,-71.91535,799.68614,2765058,2778647,15.05249,51.278762
0,0,860.2394,11040,4160,0.232389,Ox,8109,226,870,-73,26102,-999,932,-72.04852,718.76592,2792458,2779086,15.059204,51.278762
0,0,861.16,11065,4202,0.232772,Ox,8115,229,870,-73,26086,-999,933,-72.15815,630.65147,2822418,2779086,15.059204,51.278762
0,0,863.1729,11070,4430,0.232006,Ox,8121,243,870,-73,26070,-999,935,-72.23755,545.53465,2854139,2779328,15.059204,51.278762
0,0,865.3115,10929,4542,0.232389,Ox,8106,251,870,-73,26054,-999,938,-72.41116,501.93309,2871181,2779497,15.059204,51.278762
0,0,867.1281,10877,4007,0.232389,Ox,8100,214,870,-73,26038,-999,940,-72.59562,416.85781,2905731,2779418,15.039062,51.278762
0,0,867.3154,10910,3493,0.231623,Ox,8102,178,870,-73,26022,-999,940,-72.7523,339.38362,2940396,2779730,15.045776,51.278762
0,0,867.268,11008,3163,0.23124,Ox,8120,156,870,-73,26006,-999,940,-72.76845,268.89023,2974223,2779694,15.045776,51.278762
0,0,866.6779,11068,3345,0.230091,Ox,8111,167,870,-73,25990,-999,939,-72.76437,207.32502,3005964,2779751,15.05249,51.278762
0,0,867.2917,11029,3569,0.23124,Ox,8123,183,870,-73,25974,-999,940,-72.71347,154.87895,3035542,2779780,15.059204,51.278762
0,0,868.271,11028,3663,0.23124,Ox,8124,188,870,-73,25958,-999,941,-72.76641,111.67172,3062142,2779608,15.059204,51.278762
0,0,869.5632,10965,3670,0.230474,Ox,8104,189,870,-73,25942,-999,942,-72.85088,76.641211,3084666,2779599,15.059204,51.278762
0,0,870.1717,10904,3272,0.23124,Ox,8092,163,870,-73,25926,-999,943,-72.96233,50.10961,3102877,2779999,15.039062,51.278762
0,0,870.0566,10956,2929,0.23124,Ox,8092,140,870,-73,25910,-999,943,-73.01481,29.877092,3116527,2779752,15.039062,51.278762
0,0,869.5032,10986,2843,0.230474,Ox,8101,134,870,-73,25894,-999,943,-73.00488,16.137697,3126648,2779903,15.045776,51.278762
0,0,868.8311,10994,2722,0.23124,Ox,8107,127,870,-73,25878,-999,942,-72.95715,6.2046418,3133757,2779279,15.05249,51.278762
0,0,868.2008,11045,2636,0.230474,Ox,8116,122,870,-73,25862,-999,941,-72.89919,0.86137962,3137419,2779862,15.059204,51.278762
0,0,868.0674,11072,2928,0.229708,Ox,8111,139,870,-73,25846,-999,941,-72.84482,-3.0680508,3140308,2779840,15.059204,51.278762
0,0,868.517,11001,3242,0.230474,Ox,8107,160,870,-73,25830,-999,941,-72.83331,-5.1964445,3142122,2780207,15.059204,51.278762
0,0,869.6985,10933,3115,0.230091,Ox,8102,151,870,-73,25814,-999,943,-72.87209,-6.1986327,3142778,2780044,15.059204,51.278762
0,0,870.0661,10931,2755,0.229325,Ox,8106,128,870,-73,25798,-999,943,-72.974,-7.1238665,3143359,2780111,15.039062,51.278762
0,0,869.2833,10944,2491,0.230091,Ox,8102,113,870,-73,25782,-999,942,-73.0057,-8.2130432,3144208,2780185,15.045776,51.278762
0,0,868.4434,11017,2375,0.229708,Ox,8104,105,870,-73,25766,-999,941,-72.93819,-8.73917,3144594,2780080,15.045776,51.278762
0,0,867.6711,11061,2637,0.229708,Ox,8101,120,870,-73,25750,-999,941,-72.86574,-9.2348518,3144378,2779192,15.05249,51.278762
0,0,868.1757,11002,2934,0.229708,Ox,8089,139,870,-73,25734,-999,941,-72.79913,-8.8004236,3144935,2780086,15.059204,51.278762
0,0,869.0708,10973,2904,0.230474,Ox,8085,137,870,-73,25718,-999,942,-72.84266,-9.5488348,3145352,2779833,15.059204,51.278762
0,0,869.5569,10945,2785,0.230857,Ox,8086,130,870,-73,25702,-999,942,-72.91985,-9.5581989,3145354,2780187,15.059204,51.278762
0,0,869.202,10933,2490,0.230474,Ox,8087,111,870,-73,25686,-999,942,-72.96178,-9.8968658,3145542,2779924,15.059204,51.278762
0,0,869.0449,11009,2288,0.230091,Ox,8096,99,870,-73,25670,-999,942,-72.93118,-9.5555057,3145839,2780472,15.039062,51.278762
0,0,868.0885,11009,2516,0.230091,Ox,8105,112,870,-73,25654,-999,941,-72.91762,-10.793554,3146150,2780116,15.045776,51.278762
0,0,868.2023,11031,2541,0.230091,Ox,8101,114,870,-73,25638,-999,941,-72.83514,-10.172113,3145839,2779822,15.045776,51.278762
0,0,868.1299,10998,2756,0.229325,Ox,8100,128,870,-73,25622,-999,941,-72.84495,-11.088125,3146161,2779523,15.05249,51.278762
0,0,868.9496,10969,2704,0.229708,Ox,8098,125,870,-73,25606,-999,942,-72.83871,-11.024194,3146402,2779675,15.059204,51.278762
0,0,868.8163,10946,2575,0.229708,Ox,8099,116,870,-73,25590,-999,942,-72.9094,-10.455114,3145893,2779779,15.059204,51.278762
0,0,869.0469,10958,2342,0.228942,Ox,8101,103,870,-73,25574,-999,942,-72.8979,-10.813485,3146467,2780042,15.059204,51.278762
0,0,867.9319,10987,2289,0.229325,Ox,8107,100,870,-73,25558,-999,941,-72.91779,-11.088676,3146553,2779997,15.039062,51.278762
0,0,867.1836,11024,2277,0.229325,Ox,8114,99,870,-73,25542,-999,940,-72.82162,-10.971322,3146706,2780036,15.039062,51.278762
0,0,867.2168,11048,2531,0.228176,Ox,8117,112,870,-73,25526,-999,940,-72.75709,-11.300857,3146692,2779534,15.045776,51.278762
0,0,867.5892,11017,2809,0.229325,Ox,8105,130,870,-73,25510,-999,940,-72.75995,-11.55698,3146638,2780020,15.05249,51.278762
0,0,868.7147,10947,2826,0.230857,Ox,8096,131,870,-73,25494,-999,942,-72.79208,-10.811773,3146334,2780151,15.059204,51.278762
0,0,869.3685,10911,2523,0.230091,Ox,8101,113,870,-73,25478,-999,942,-72.88914,-11.288878,3146762,2779581,15.059204,51.278762
0,0,868.9053,10954,2277,0.230474,Ox,8111,98,870,-73,25462,-999,942,-72.94553,-11.307027,3146674,2779691,15.059204,51.278762
0,0,868.1318,10983,2228,0.230091,Ox,8116,95,870,-73,25446,-999,941,-72.90559,-11.20797,3146456,2779903,15.045776,51.278762
0,0,867.3227,11021,2225,0.230474,Ox,8115,95,870,-73,25430,-999,940,-72.83887,-10.841484,3146320,2780341,15.045776,51.278762
0,0,867.2673,11048,2481,0.229325,Ox,8116,111,870,-73,25414,-999,940,-72.76908,-11.329332,3146768,2779942,15.045776,51.278762
0,0,867.8039,11013,2769,0.229325,Ox,8105,127,870,-73,25398,-999,941,-72.76431,-11.009097,3146444,2779908,15.05249,51.278762
0,0,868.7274,10948,2773,0.229708,Ox,8104,128,870,-73,25382,-999,942,-72.81059,-11.27513,3146602,2779913,15.059204,51.278762
0,0,869.0858,10915,2475,0.229708,Ox,8109,110,870,-73,25366,-999,942,-72.89024,-10.983364,3146710,2780293,15.059204,51.278762
0,0,868.9923,10950,2235,0.230091,Ox,8109,96,870,-73,25350,-999,942,-72.92115,-11.429965,3146359,2779437,15.059204,51.278762
0,0,868.0305,10979,2194,0.228942,Ox,8102,94,870,-73,25334,-999,941,-72.91309,-11.160914,3146796,2779932,15.059204,51.278762
0,0,867.3627,11019,2193,0.229325,Ox,8104,94,870,-73,25318,-999,940,-72.83013,-10.870461,3146357,2779734,15.039062,51.278762
0,0,867.1075,11041,2456,0.228942,Ox,8109,109,870,-73,25302,-999,940,-72.77253,-11.089959,3146634,2780276,15.045776,51.278762
0,0,867.9427,11007,2739,0.228942,Ox,8104,126,870,-73,25286,-999,941,-72.75053,-11.793376,3146585,2779658,15.045776,51.278762
0,0,868.7467,10943,2745,0.230474,Ox,8099,127,870,-73,25270,-999,942,-72.82256,-11.999429,3146984,2779492,15.05249,51.278762
0,0,869.2719,10915,2451,0.229708,Ox,8098,108,870,-73,25254,-999,942,-72.8919,-11.24757,3146950,2779684,15.059204,51.278762
0,0,868.8511,10959,2220,0.230474,Ox,8102,95,870,-73,25238,-999,942,-72.9372,-11.47035,3146425,2779840,15.059204,51.278762
0,0,868.1678,10987,2206,0.230857,Ox,8099,95,870,-73,25222,-999,941,-72.9009,-11.702916,3147014,2780079,15.059204,51.278762
0,0,867.6323,11017,2232,0.230474,Ox,8102,95,870,-73,25206,-999,940,-72.84197,-12.049624,3147074,2779780,15.039062,51.278762
0,0,867.616,10993,2463,0.230857,Ox,8104,109,870,-73,25190,-999,940,-72.79578,-12.043821,3147237,2779641,15.045776,51.278762
0,0,867.7425,10972,2476,0.230091,Ox,8097,110,870,-73,25174,-999,941,-72.79437,-11.502791,3147011,2780233,15.045776,51.278762
0,0,868.1696,10978,2436,0.230857,Ox,8099,107,870,-73,25158,-999,941,-72.80529,-11.571643,3146746,2779836,15.05249,51.278762
0,0,868.3204,10975,2406,0.230857,Ox,8092,106,870,-73,25142,-999,941,-72.84212,-11.775662,3147298,2780027,15.059204,51.278762
0,0,868.1509,10972,2361,0.230857,Ox,8100,104,870,-73,25126,-999,941,-72.85514,-12.781927,3147323,2779485,15.059204,51.278762
0,0,868.322,10972,2320,0.230857,Ox,8104,100,870,-73,25110,-999,941,-72.84052,-12.419838,3147560,2779553,15.059204,51.278762
0,0,868.2447,10970,2280,0.230474,Ox,8104,98,870,-73,25094,-999,941,-72.85527,-11.890056,3147178,2780026,15.039062,51.278762
0,0,867.9072,10971,2240,0.229708,Ox,8106,95,870,-73,25078,-999,941,-72.8486,-12.572122,3147769,2779642,15.039062,51.278762
0,0,867.7173,10972,2205,0.229325,Ox,8100,94,870,-73,25062,-999,941,-72.8195,-12.584146,3147579,2779429,15.045776,51.278762
0,0,867.4523,10974,2174,0.230091,Ox,8106,91,870,-73,25046,-999,940,-72.80312,-12.454447,3147572,2779859,15.05249,51.278762
0,0,866.8809,11018,2162,0.229708,Ox,8104,91,870,-73,25030,-999,940,-72.78026,-12.734149,3147346,2779398,15.059204,51.278762
0,0,867.1804,11005,2378,0.229708,Ox,8102,104,870,-73,25014,-999,940,-72.73097,-12.791264,3147707,2779652,15.059204,51.278762
0,0,867.0607,10987,2460,0.230857,Ox,8092,108,870,-73,24998,-999,940,-72.75681,-12.674345,3148324,2780393,15.059204,51.278762
0,0,867.6027,10991,2497,0.230857,Ox,8099,110,870,-73,24982,-999,940,-72.74648,-12.919822,3147781,2779705,15.059204,51.278762
0,0,868.3068,10945,2504,0.23124,Ox,8100,111,870,-73,24966,-999,941,-72.79324,-13.135597,3147898,2779961,15.039062,51.278762
0,0,868.7153,10952,2288,0.230474,Ox,8103,98,870,-73,24950,-999,942,-72.85396,-12.879553,3147587,2779648,15.039062,51.278762
0,0,868.023,10938,2258,0.230474,Ox,8095,97,870,-73,24934,-999,941,-72.8892,-13.032199,3148257,2780245,15.045776,51.278762
0,0,868.0515,10989,2090,0.230474,Ox,8103,88,870,-73,24918,-999,941,-72.82948,-12.75398,3148149,2779904,15.05249,51.278762
0,0,867.705,10991,2295,0.230857,Ox,8101,100,870,-73,24902,-999,941,-72.83194,-13.621094,3148649,2780133,15.059204,51.278762
0,0,867.1093,10962,2298,0.230474,Ox,8098,99,870,-73,24886,-999,940,-72.80205,-13.70413,3148271,2779583,15.059204,51.278762
0,0,867.2858,11012,2258,0.230091,Ox,8104,96,870,-73,24870,-999,940,-72.75067,-13.408224,3148338,2779975,15.059204,51.278762
0,0,867.5833,10998,2468,0.230091,Ox,8100,108,870,-73,24854,-999,940,-72.76589,-13.341141,3148406,2780034,15.039062,51.278762
0,0,868.59,10937,2512,0.231623,Ox,8093,112,870,-73,24838,-999,941,-72.79156,-13.631213,3148791,2779699,15.045776,51.278762
0,0,868.8474,10910,2264,0.229708,Ox,8094,97,870,-73,24822,-999,942,-72.87838,-13.693035,3148653,2779792,15.045776,51.278762
0,0,868.3871,10948,2059,0.229708,Ox,8100,86,870,-73,24806,-999,941,-72.90058,-13.288997,3148583,2780437,15.05249,51.278762
0,0,867.0817,11008,2050,0.230091,Ox,8107,85,870,-73,24790,-999,940,-72.86089,-13.761498,3148765,2780046,15.05249,51.278762
0,0,867.1005,11024,2294,0.230091,Ox,8108,99,870,-73,24774,-999,940,-72.7483,-14.097161,3149052,2779324,15.059204,51.278762
0,0,867.3177,10986,2554,0.229708,Ox,8107,114,870,-73,24758,-999,940,-72.74992,-14.191068,3149097,2779707,15.059204,51.278762
0,0,868.3313,10975,2609,0.230857,Ox,8110,117,870,-73,24742,-999,941,-72.76865,-13.869516,3148977,2780602,15.059204,51.278762
0,0,869.2139,10930,2598,0.230474,Ox,8105,117,870,-73,24726,-999,942,-72.85608,-14.282286,3148776,2779607,15.039062,51.278762
0,0,869.9514,10905,2336,0.230091,Ox,8102,100,870,-73,24710,-999,943,-72.9322,-14.607851,3149394,2779799,15.045776,51.278762
0,0,869.2619,10923,2097,0.231623,Ox,8096,87,870,-73,24694,-999,942,-72.99581,-14.385376,3149022,2779494,15.045776,51.278762
0,0,868.1636,10993,1949,0.230091,Ox,8098,79,870,-73,24678,-999,941,-72.93634,-14.382329,3149305,2780005,15.05249,51.278762
0,0,867.5701,11036,2181,0.230091,Ox,8100,92,870,-73,24662,-999,940,-72.84161,-14.379223,3149418,2779909,15.059204,51.278762
0,0,867.9341,10977,2452,0.230091,Ox,8104,107,870,-73,24646,-999,941,-72.79042,-14.28186,3149044,2779692,15.059204,51.278762
0,0,868.3407,10956,2426,0.230091,Ox,8100,106,870,-73,24630,-999,941,-72.82182,-14.022626,3149156,2779732,15.059204,51.278762
0,0,868.7124,10962,2346,0.230091,Ox,8099,102,870,-73,24614,-999,942,-72.85689,-14.435637,3149295,2779491,15.059204,51.278762
0,0,868.8054,10942,2261,0.229708,Ox,8095,97,870,-73,24598,-999,942,-72.88895,-14.178698,3149426,2780064,15.039062,51.278762
0,0,868.6097,10953,2076,0.228559,Ox,8089,86,870,-73,24582,-999,942,-72.89697,-14.611384,3149581,2779985,15.045776,51.278762
0,0,868.126,10977,2045,0.229708,Ox,8096,85,870,-73,24566,-999,941,-72.88009,-15.063437,3149909,2779700,15.045776,51.278762
0,0,867.4796,11015,2047,0.229708,Ox,8094,85,870,-73,24550,-999,940,-72.83837,-14.342606,3149295,2780539,15.05249,51.278762
0,0,867.2226,11036,2283,0.230091,Ox,8096,98,870,-73,24534,-999,940,-72.78261,-14.393784,3149432,2779848,15.059204,51.278762
0,0,867.9954,10996,2541,0.230091,Ox,8092,113,870,-73,24518,-999,941,-72.76045,-15.23585,3149855,2779936,15.059204,51.278762
0,0,868.8986,10942,2565,0.230474,Ox,8097,114,870,-73,24502,-999,942,-72.8271,-14.543161,3149544,2779878,15.059204,51.278762
0,0,869.29,10920,2300,0.230857,Ox,8096,98,870,-73,24486,-999,942,-72.90501,-15.000967,3149624,2779523,15.039062,51.278762
0,0,869.0999,10959,2090,0.23124,Ox,8103,86,870,-73,24470,-999,942,-72.93877,-14.50387,3149870,2780305,15.045776,51.278762
0,0,868.1776,10983,2062,0.23124,Ox,8101,85,870,-73,24454,-999,941,-72.92236,-14.772546,3149738,2779942,15.045776,51.278762
0,0,867.7879,11022,2066,0.23124,Ox,8103,86,870,-73,24438,-999,941,-72.84282,-14.562532,3149729,2780069,15.05249,51.278762
0,0,867.7277,10996,2289,0.230474,Ox,8104,98,870,-73,24422,-999,941,-72.8092,-14.480234,3149552,2780274,15.059204,51.278762
0,0,868.1082,10969,2292,0.23124,Ox,8097,98,870,-73,24406,-999,941,-72.80402,-15.448099,3149891,2779767,15.059204,51.278762
0,0,868.0754,10976,2245,0.230857,Ox,8097,95,870,-73,24390,-999,941,-72.83683,-15.023372,3149824,2779555,15.059204,51.278762
0,0,868.047,10982,2230,0.230474,Ox,8090,95,870,-73,24374,-999,941,-72.834,-14.926982,3149801,2779826,15.039062,51.278762
0,0,867.9243,10984,2222,0.229708,Ox,8098,94,870,-73,24358,-999,941,-72.83156,-15.010221,3149591,2779828,15.045776,51.278762
0,0,868.5293,10984,2216,0.23124,Ox,8098,93,870,-73,24342,-999,941,-72.82098,-15.146116,3149731,2779792,15.045776,51.278762
0,0,868.3832,10956,2180,0.230091,Ox,8091,92,870,-73,24326,-999,941,-72.87315,-14.84039,3149642,2780042,15.05249,51.278762
0,0,867.864,10995,2029,0.230474,Ox,8097,85,870,-73,24310,-999,941,-72.86056,-15.243399,3150287,2779641,15.05249,51.278762
0,0,867.5959,11006,2239,0.230474,Ox,8097,95,870,-73,24294,-999,940,-72.81577,-14.782656,3149425,2779814,15.059204,51.278762
0,0,868.0258,10977,2273,0.230474,Ox,8102,97,870,-73,24278,-999,941,-72.79265,-15.518028,3150256,2779832,15.059204,51.278762
0,0,868.1138,10977,2227,0.230474,Ox,8107,94,870,-73,24262,-999,941,-72.82972,-14.843371,3149785,2779928,15.059204,51.278762
0,0,867.9498,10981,2186,0.23124,Ox,8109,92,870,-73,24246,-999,941,-72.83732,-15.275417,3149882,2779709,15.039062,51.278762
0,0,868.0265,10985,2150,0.23124,Ox,8109,91,870,-73,24230,-999,941,-72.82317,-14.990432,3149559,2780032,15.045776,51.278762
0,0,867.5507,10985,2121,0.23124,Ox,8107,88,870,-73,24214,-999,940,-72.82978,-15.070072,3149643,2779825,15.045776,51.278762
0,0,867.8107,10985,2095,0.230474,Ox,8109,86,870,-73,24198,-999,941,-72.78875,-14.86274,3149556,2780010,15.05249,51.278762
0,0,867.2776,10990,2066,0.230857,CH4+Ox,8106,86,0,-2,24182,-999,940,-72.82133,-14.816091,3149721,2780053,15.059204,51.278762
0,0,866.8207,10966,2021,0.223197,CH4+Ox,8096,84,0,-2,24166,-999,940,-72.77783,-15.426127,3150133,2779807,15.059204,51.278762
0,0,866.4515,10949,1850,0.227793,CH4+Ox,8099,74,0,-2,24150,-999,939,-72.74054,-15.093757,3149790,2779953,15.059204,51.278762
0,0,865.2936,10944,1690,0.23124,CH4+Ox,8101,66,0,-2,24134,-999,938,-72.71041,-15.528618,3149794,2779670,15.039062,51.278762
0,0,863.763,10947,1547,0.23124,CH4+Ox,8091,59,0,-2,24118,-999,936,-72.61592,-15.447673,3149977,2780163,15.045776,51.278762
0,0,861.5764,10947,1413,0.230091,CH4+Ox,8107,50,0,-2,24102,-999,934,-72.491,-14.90634,3149868,2779612,15.045776,51.278762
0,0,858.1967,10947,1282,0.228942,CH4+Ox,8131,45,0,-2,24086,-999,931,-72.31256,-15.400625,3149784,2779925,15.05249,51.278762
0,0,854.7618,10941,1152,0.227793,CH4+Ox,8159,39,0,-2,24070,-999,927,-72.03674,-15.38267,3149959,2779936,15.059204,51.278762
0,0,849.3739,10925,1021,0.225495,CH4+Ox,8162,34,0,-2,24054,-999,921,-71.75642,-15.199811,3149868,2780009,15.059204,51.278762
0,0,844.8373,10907,894,0.224346,CH4+Ox,8188,28,0,-2,24038,-999,916,-71.31672,-15.519368,3150095,2779654,15.059204,51.278762
0,0,837.3206,10903,775,0.224729,CH4+Ox,8186,24,0,-2,24022,-999,908,-70.94649,-15.496058,3150008,2779612,15.039062,51.278762
0,0,830.3723,10898,668,0.225112,CH4+Ox,8210,19,0,-2,24006,-999,901,-70.33305,-15.442802,3150326,2779687,15.045776,51.278762
0,0,822.063,10899,574,0.225495,CH4+Ox,8219,16,0,-2,23990,-999,892,-69.76601,-15.461367,3149802,2779673,15.045776,51.278762
0,0,813.6374,10894,494,0.224346,CH4+Ox,8241,13,0,-2,23974,-999,883,-69.08791,-15.287287,3149887,2780193,15.045776,51.278762
0,0,805.118,10885,425,0.222431,CH4+Ox,8260,11,0,-2,23958,-999,874,-68.40029,-15.080181,3150059,2779750,15.05249,51.278762
0,0,795.8895,10896,366,0.21975,CH4+Ox,8263,9,0,-2,23942,-999,864,-67.70503,-15.520222,3150271,2780218,15.059204,51.278762
0,0,786.9557,10893,316,0.218218,CH4+Ox,8267,8,0,-2,23926,-999,854,-66.9519,-15.913352,3150469,2780186,15.059204,51.278762
0,0,777.6217,10888,275,0.217835,CH4+Ox,8266,7,0,-2,23910,-999,844,-66.22282,-15.90806,3150634,2779980,15.059204,51.278762
0,0,767.9463,10904,238,0.217069,CH4+Ox,8268,5,0,-2,23894,-999,833,-65.46108,-15.562395,3150113,2779859,15.039062,51.278762
0,0,758.5957,10917,206,0.215537,CH4+Ox,8266,5,0,-2,23878,-999,823,-64.67148,-15.219533,3150085,2780108,15.039062,51.278762
0,0,749.3007,10899,181,0.215537,CH4+Ox,8257,5,0,-2,23862,-999,813,-63.90839,-13.471338,3147796,2780252,15.045776,51.278762
0,0,739.6883,10904,159,0.216303,CH4+Ox,8256,4,0,-2,23846,-999,803,-63.14983,7.9632916,3121966,2780391,15.05249,51.278762
0,0,730.2743,10913,140,0.215537,CH4+Ox,8295,3,0,-2,23830,-999,793,-62.36537,101.26692,3037303,2779549,15.059204,51.278762
0,0,721.5579,10909,124,0.215154,CH4+Ox,8303,2,0,-2,23814,-999,783,-61.5971,333.46219,2896545,2779390,15.059204,51.278762
0,0,711.8977,10914,110,0.215537,CH4+Ox,8303,3,0,-2,23798,-999,773,-60.88576,742.33984,2738157,2778574,15.059204,51.278762
0,0,703.0854,10931,98,0.215537,CH4+Ox,8295,3,0,-2,23782,-999,763,-60.0974,1288.466,2593079,2778291,15.039062,51.278762
0,0,693.1694,10934,88,0.216303,CH4+Ox,8292,3,0,-2,23766,-999,753,-59.37824,1900.9463,2470409,2777767,15.045776,51.278762
0,0,684.8009,10927,78,0.215154,CH4+Ox,8274,2,0,-2,23750,-999,743,-58.569,2502.0394,2372998,2777734,15.045776,51.278762
0,0,675.4818,10940,71,0.215537,CH4+Ox,8268,1,0,-2,23734,-999,733,-57.88605,3055.3383,2296918,2777414,15.05249,51.278762
0,0,667.8097,10965,63,0.215537,CH4+Ox,8278,1,0,-2,23718,-999,725,-57.12553,3531.5177,2240210,2777368,15.05249,51.278762
0,0,658.1936,10957,57,0.214388,CH4+Ox,8290,1,0,-2,23702,-999,715,-56.49941,3918.2744,2198442,2777323,15.059204,51.278762
0,0,650.2412,10980,51,0.214771,CH4+Ox,8306,1,0,-2,23686,-999,706,-55.71465,4197.0963,2171465,2777836,15.059204,51.278762
0,0,641.1219,10985,47,0.215154,CH4+Ox,8289,2,0,-2,23670,-999,696,-55.06566,4337.3088,2160828,2777572,15.059204,51.278762
0,0,633.1213,10992,42,0.214771,CH4+Ox,8301,1,0,-2,23654,-999,687,-54.32145,4317.4214,2167137,2778097,15.039062,51.278762
0,0,624.6828,10999,40,0.213622,CH4+Ox,8331,1,0,-2,23638,-999,678,-53.66852,4249.793,2176795,2777883,15.045776,51.278762
0,0,616.0528,11012,36,0.213622,CH4+Ox,8357,2,0,-2,23622,-999,669,-52.97986,3992.7393,2208815,2778149,15.045776,51.278762
0,0,608.041,11022,33,0.213239,CH4+Ox,8352,0,0,-2,23606,-999,660,-52.27557,3609.9944,2256739,2777966,15.05249,51.278762
0,0,600.0168,11035,30,0.212856,CH4+Ox,8353,0,0,-2,23590,-999,652,-51.62174,3156.6991,2317799,2778073,15.059204,51.278762
0,0,591.6466,11056,28,0.211707,CH4+Ox,8336,1,0,-2,23574,-999,643,-50.96689,2676.809,2387592,2777731,15.059204,51.278762
0,0,583.9331,11061,27,0.212473,CH4+Ox,8319,2,0,-2,23558,-999,634,-50.2838,2217.5753,2462117,2778776,15.059204,51.278762
0,0,575.9955,11073,24,0.21209,CH4+Ox,8343,1,0,-2,23542,-999,626,-49.65431,1794.1226,2539246,2778269,15.059204,51.278762
0,0,568.1415,11092,23,0.212473,CH4+Ox,8358,1,0,-2,23526,-999,617,-49.00653,1427.2763,2615239,2779438,15.039062,51.278762
0,0,560.0507,11099,23,0.212473,CH4+Ox,8357,1,0,-2,23510,-999,608,-48.36557,1118.7477,2688158,2779149,15.045776,51.278762
0,0,552.4271,11091,22,0.21209,CH4+Ox,8349,2,0,-2,23494,-999,600,-47.70528,868.38226,2756615,2779443,15.045776,51.278762
0,0,544.9467,11101,22,0.211707,CH4+Ox,8363,1,0,-2,23478,-999,592,-47.08313,663.66949,2818491,2778695,15.05249,51.278762
0,0,537.2823,11125,20,0.210558,CH4+Ox,8359,2,0,-2,23462,-999,584,-46.47266,505.82494,2874814,2779554,15.059204,51.278762
0,0,529.6664,11139,19,0.211324,CH4+Ox,8380,2,0,-2,23446,-999,576,-45.84718,381.47926,2924385,2779212,15.059204,51.278762
0,0,523.2267,11143,20,0.213239,CH4+Ox,8377,1,0,-2,23430,-999,568,-45.22565,286.43366,2967216,2779486,15.059204,51.278762
0,0,515.6642,11145,19,0.212473,CH4+Ox,8364,1,0,-2,23414,-999,560,-44.70012,216.18673,3002215,2780164,15.039062,51.278762
0,0,507.9022,11146,18,0.21209,CH4+Ox,8380,1,0,-2,23398,-999,552,-44.08295,161.94703,3031140,2779691,15.045776,51.278762
0,0,500.3354,11165,18,0.212856,CH4+Ox,8375,1,0,-2,23382,-999,544,-43.44949,122.49726,3054240,2779470,15.045776,51.278762
0,0,494.3413,11172,17,0.21209,CH4+Ox,8351,2,0,-2,23366,-999,537,-42.83197,93.150863,3072696,2780160,15.05249,51.278762
0,0,486.81,11177,17,0.21209,CH4+Ox,8349,1,0,-2,23350,-999,529,-42.3428,69.885683,3087050,2779762,15.059204,51.278762
0,0,479.6991,11188,17,0.21209,CH4+Ox,8326,1,0,-2,23334,-999,521,-41.72817,55.515999,3097364,2780167,15.059204,51.278762
0,0,472.6136,11197,16,0.210175,CH4+Ox,8322,1,0,-2,23318,-999,514,-41.14786,41.899785,3106153,2779784,15.059204,51.278762
0,0,465.8791,11201,14,0.211707,CH4+Ox,8326,2,0,-2,23302,-999,506,-40.56962,33.04768,3112771,2779921,15.039062,51.278762
0,0,459.7622,11197,15,0.210175,CH4+Ox,8343,1,0,-2,23286,-999,500,-40.02002,26.75651,3117186,2780035,15.045776,51.278762
0,0,452.8021,11204,16,0.211324,CH4+Ox,8343,1,0,-2,23270,-999,492,-39.52083,23.686375,3119773,2779891,15.045776,51.278762
0,0,446.2041,11200,15,0.211707,CH4+Ox,8338,2,0,-2,23254,-999,485,-38.95281,18.2402,3123274,2779931,15.045776,51.278762
0,0,439.4293,11216,15,0.210175,CH4+Ox,8332,1,0,-2,23238,-999,478,-38.41436,14.503763,3126079,2779649,15.05249,51.278762
0,0,433.52,11228,16,0.211324,CH4+Ox,8335,2,0,-2,23222,-999,471,-37.86147,12.111324,3127828,2779601,15.059204,51.278762
0,0,426.6578,11231,14,0.211324,CH4+Ox,8316,1,0,-2,23206,-999,464,-37.37922,9.781887,3129797,2779966,15.059204,51.278762
0,0,420.6067,11234,14,0.209409,CH4+Ox,8293,1,0,-2,23190,-999,457,-36.8192,7.8657512,3131259,2780109,15.059204,51.278762
0,0,414.547,11244,13,0.209792,CH4+Ox,8275,1,0,-2,23174,-999,451,-36.32538,6.0511765,3132669,2779871,15.039062,51.278762
0,0,408.2513,11238,15,0.210941,CH4+Ox,8277,1,0,-2,23158,-999,444,-35.83084,4.7296881,3133110,2779517,15.045776,51.278762
0,0,402.5318,11235,16,0.210941,CH4+Ox,8286,1,0,-2,23142,-999,438,-35.31706,3.8472673,3134678,2780362,15.045776,51.278762
0,0,396.3224,11239,14,0.209792,CH4+Ox,8267,1,0,-2,23126,-999,431,-34.8503,2.7800397,3134908,2779726,15.05249,51.278762
0,0,390.6217,11239,15,0.210175,CH4+Ox,8272,2,0,-2,23110,-999,425,-34.34356,2.1935348,3135803,2779923,15.059204,51.278762
0,0,384.7892,11244,14,0.210175,CH4+Ox,8269,1,0,-2,23094,-999,419,-33.87832,1.0887939,3136274,2779849,15.059204,51.278762
0,0,379.0535,11258,14,0.210558,CH4+Ox,8259,1,0,-2,23078,-999,412,-33.40233,0.41336674,3137012,2779731,15.059204,51.278762
0,0,373.72,11251,15,0.210941,CH4+Ox,8253,2,0,-2,23062,-999,407,-32.93425,-0.095103864,3137391,2779904,15.039062,51.278762
0,0,368.0863,11255,15,0.210941,CH4+Ox,8260,1,0,-2,23046,-999,401,-32.49899,-0.79885916,3137855,2779739,15.039062,51.278762
0,0,362.5925,11264,14,0.21209,CH4+Ox,8256,2,0,-2,23030,-999,395,-32.03923,-1.1152143,3138394,2779737,15.045776,51.278762
0,0,357.2322,11268,14,0.210558,CH4+Ox,8260,2,0,-2,23014,-999,389,-31.59088,-1.6550923,3138683,2779722,15.05249,51.278762
0,0,351.4453,11267,14,0.211324,CH4+Ox,8247,2,0,-2,22998,-999,383,-31.15343,-1.7621971,3138652,2779820,15.059204,51.278762
0,0,346.192,11277,13,0.210558,CH4+Ox,8240,0,0,-2,22982,-999,377,-30.68117,-2.557902,3139432,2780085,15.059204,51.278762
0,0,341.1286,11285,14,0.210941,CH4+Ox,8230,2,0,-2,22966,-999,371,-30.25245,-2.1791064,3139440,2779809,15.059204,51.278762
0,0,335.6925,11288,13,0.210175,CH4+Ox,8229,1,0,-2,22950,-999,366,-29.83923,-3.419876,3139757,2779598,15.039062,51.278762
0,0,331.141,11291,13,0.209792,CH4+Ox,8246,2,0,-2,22934,-999,361,-29.3956,-2.8013031,3140000,2779970,15.045776,51.278762
0,0,325.8643,11290,14,0.209409,CH4+Ox,8243,1,0,-2,22918,-999,355,-29.02415,-3.6059632,3140288,2779606,15.045776,51.278762
0,0,320.6435,11301,13,0.209792,CH4+Ox,8225,1,0,-2,22902,-999,349,-28.59352,-3.5715553,3140429,2779902,15.045776,51.278762
0,0,316.1552,11306,15,0.210175,CH4+Ox,8223,1,0,-2,22886,-999,344,-28.16746,-4.1437897,3140402,2779770,15.05249,51.278762
0,0,311.2195,11303,13,0.210941,CH4+Ox,8227,2,0,-2,22870,-999,339,-27.80118,-4.3268604,3141279,2779987,15.059204,51.278762
0,0,305.902,11307,14,0.210175,CH4+Ox,8234,1,0,-2,22854,-999,333,-27.39837,-4.4099574,3140886,2779695,15.059204,51.278762
0,0,301.6504,11315,14,0.209792,CH4+Ox,8224,1,0,-2,22838,-999,329,-26.96442,-4.0083127,3140782,2780228,15.059204,51.278762
0,0,296.5078,11313,14,0.210175,CH4+Ox,8213,1,0,-2,22822,-999,323,-26.61744,-5.0981655,3141168,2779233,15.039062,51.278762
0,0,292.1471,11311,14,0.209792,CH4+Ox,8205,1,0,-2,22806,-999,318,-26.19777,-4.9486088,3141312,2780024,15.039062,51.278762
0,0,287.5712,11316,15,0.210941,CH4+Ox,8191,1,0,-2,22790,-999,313,-25.84189,-4.893588,3141086,2779663,15.045776,51.278762
0,0,283.4856,11317,15,0.211324,CH4+Ox,8179,1,0,-2,22774,-999,309,-25.46845,-5.5478153,3141593,2779625,15.05249,51.278762
0,0,278.7028,11319,14,0.210175,CH4+Ox,8184,1,0,-2,22758,-999,304,-25.13503,-5.1126098,3141392,2780194,15.059204,51.278762
0,0,274.5094,11321,14,0.209792,CH4+Ox,8189,0,0,-2,22742,-999,299,-24.74471,-5.9229621,3141673,2779289,15.059204,51.278762
0,0,269.9969,11319,14,0.210558,CH4+Ox,8193,1,0,-2,22726,-999,294,-24.40249,-5.6260256,3142003,2779506,15.059204,51.278762
0,0,265.9246,11321,14,0.210558,CH4+Ox,8198,1,0,-2,22710,-999,290,-24.03423,-5.2685351,3142050,2780145,15.039062,51.278762
0,0,262.1417,11330,14,0.210941,CH4+Ox,8200,1,0,-2,22694,-999,286,-23.70189,-6.1322541,3141995,2779995,15.039062,51.278762
0,0,258.3924,11329,13,0.210558,CH4+Ox,8200,0,0,-2,22678,-999,282,-23.39317,-6.275321,3142583,2779182,15.045776,51.278762
0,0,254.0705,11324,14,0.211707,CH4+Ox,8200,1,0,-2,22662,-999,277,-23.08719,-6.0466513,3142125,2779634,15.045776,51.278762
0,0,249.8818,11325,14,0.210558,CH4+Ox,8204,1,0,-2,22646,-999,273,-22.73449,-6.3343229,3142579,2780194,15.059204,51.278762
0,0,245.9782,11319,12,0.210558,CH4+Ox,8202,2,0,-2,22630,-999,268,-22.39265,-6.4063353,3142394,2779746,15.059204,51.278762
0,0,242.4975,11316,13,0.211707,CH4+Ox,8211,1,0,-2,22614,-999,265,-22.07408,-6.2504544,3142508,2780184,15.059204,51.278762
0,0,238.2013,11324,13,0.212856,CH4+Ox,8214,1,0,-2,22598,-999,260,-21.79002,-7.0149054,3142880,2780023,15.059204,51.278762
0,0,234.4779,11320,14,0.211324,CH4+Ox,8198,1,0,-2,22582,-999,256,-21.43942,-6.500627,3142550,2779849,15.039062,51.278762
0,0,230.615,11322,13,0.210941,CH4+Ox,8199,1,0,-2,22566,-999,252,-21.13556,-6.6886315,3142695,2779877,15.045776,51.278762
0,0,227.6609,11326,14,0.21209,CH4+Ox,8205,2,0,-2,22550,-999,248,-20.82031,-7.0238637,3142995,2779847,15.045776,51.278762
0,0,223.4599,11326,14,0.21209,CH4+Ox,8204,1,0,-2,22534,-999,244,-20.57922,-6.9476594,3143340,2779760,15.05249,51.278762
0,0,219.9582,11327,15,0.21209,CH4+Ox,8202,2,0,-2,22518,-999,240,-20.23637,-7.4901161,3143510,2779924,15.059204,51.278762
0,0,217.0884,11333,14,0.211707,CH4+Ox,8206,1,0,-2,22502,-999,237,-19.95061,-6.685379,3143051,2779998,15.059204,51.278762
0,0,213.1426,11328,14,0.21209,CH4+Ox,8197,1,0,-2,22486,-999,233,-19.71641,-7.8180451,3143474,2779377,15.059204,51.278762
0,0,209.6729,11332,14,0.210941,CH4+Ox,8192,1,0,-2,22470,-999,229,-19.39439,-7.4749689,3143232,2779608,15.059204,51.278762
0,0,206.4027,11335,15,0.211707,CH4+Ox,8190,1,0,-2,22454,-999,226,-19.11123,-7.7697329,3143408,2779780,15.039062,51.278762
0,0,203.4154,11335,14,0.212856,CH4+Ox,8188,1,0,-2,22438,-999,222,-18.84436,-7.8971905,3143404,2779598,15.045776,51.278762
