
Sample
20200922_batch37_falcon3_standard_tc_1.5
Analysis Parameter File Name
tc_withtempoffsets_20200813.par With Temp Offsets
Started: 
22/09/2020
14:15:41
ended: 
22/09/2020 
14:24:42 
Atm Pres,mm Hg
377.1
Analyst
ar
Instrument Name
Lab_NDIR1
CalConst and NDIR Coefficients
22.412,6.39122E-05,9.35543E-03,23.5264,8.59102E-06,0
FilterArea
 1.5 
TransitTime
0,9
SBasic Version
 17302 
VBasic Version
OCEC1133Ox
 390 
FID1,FID2,Sample_temperature,laserTrans,laserLowTrans,pressure psig,mode,laserRefl,laserLowRefl,DesiredTempSetPt,TempOffsetPt,TimeStamp,MethanatorTemp,FrnOvn TC,Computed Offset,CO2_ppm,M_sig,R_sig,Cvolt,Tamb_ndir
0,0,34.08385,4159,10,0.188344,Ox,5535,0,70,-4,16929,-999,36,-2.054246,-8.5242052,3143571,2779336,15.065917,51.278762
0,0,33.84432,4160,9,0.199451,Ox,5534,-1,70,-4,16913,-999,36,-1.947649,-9.1995239,3144550,2779705,15.065917,51.278762
0,0,33.85801,4162,8,0.218984,Ox,5536,0,70,-4,16897,-999,36,-1.933961,-10.476826,3145368,2779425,15.059204,51.278762
0,0,33.60547,4160,9,0.210558,Ox,5535,1,70,-4,16881,-999,36,-1.934743,-11.696197,3146017,2779385,15.045776,51.278762
0,0,33.80872,4160,9,0.163066,Ox,5534,1,70,-4,16865,-999,36,-1.920313,-11.790444,3146894,2779946,15.045776,51.278762
0,0,34.01738,4163,8,0.128979,Ox,5538,0,70,-4,16849,-999,36,-1.931927,-12.79218,3147390,2779343,15.05249,51.278762
0,0,34.03692,4162,9,0.122085,Ox,5535,0,70,-4,16833,-999,36,-1.94385,-12.650058,3147522,2779632,15.05249,51.278762
0,0,34.31899,4160,10,0.129745,Ox,5536,0,70,-4,16817,-999,36,-1.944967,-12.961674,3147213,2779248,15.065917,51.278762
0,0,34.74334,4162,10,0.151193,Ox,5537,0,70,-4,16801,-999,37,-1.961085,-13.599816,3147919,2779389,15.065917,51.278762
0,0,34.87639,4162,9,0.181833,Ox,5536,0,70,-4,16785,-999,37,-1.985333,-13.114125,3147899,2779444,15.059204,51.278762
0,0,35.59227,4160,10,0.205579,Ox,5538,0,70,-4,16769,-999,38,-1.992936,-14.514287,3149175,2779505,15.045776,51.278762
0,0,35.58281,4161,9,0.216686,Ox,5537,0,70,-4,16753,-999,38,-2.033844,-14.538714,3148513,2779417,15.045776,51.278762
0,0,35.48899,4161,9,0.221665,Ox,5537,0,70,-4,16737,-999,38,-2.033303,-14.48724,3149042,2779316,15.045776,51.278762
0,0,36.18625,4161,10,0.218984,Ox,5539,0,70,-4,16721,-999,38,-2.027943,-14.670894,3149466,2779758,15.05249,51.278762
0,0,36.11496,4161,10,0.221282,Ox,5538,0,70,-4,16705,-999,38,-2.067786,-14.905488,3149206,2779436,15.059204,51.278762
0,0,36.08759,4162,9,0.223197,Ox,5537,1,70,-4,16689,-999,38,-2.063712,-14.998165,3149449,2779306,15.065917,51.278762
0,0,36.93814,4162,9,0.221282,Ox,5538,1,70,-4,16673,-999,39,-2.062148,-15.214847,3149560,2779436,15.059204,51.278762
0,0,36.32357,4163,9,0.219367,Ox,5538,0,70,-4,16657,-999,38,-2.110751,-15.112874,3149915,2779738,15.059204,51.278762
0,0,36.70457,4163,9,0.220133,Ox,5540,1,70,-4,16641,-999,39,-2.075632,-15.922112,3150039,2779677,15.045776,51.278762
0,0,36.96576,4163,9,0.218984,Ox,5540,0,70,-4,16625,-999,39,-2.097404,-15.239684,3150116,2779814,15.045776,51.278762
0,0,37.3281,4163,9,0.217835,Ox,5539,0,70,-4,16609,-999,39,-2.112329,-16.05606,3149956,2779177,15.045776,51.278762
0,0,37.59031,4163,9,0.217452,Ox,5539,0,70,-4,16593,-999,40,-2.133034,-15.449926,3149943,2779521,15.05249,51.278762
0,0,37.04091,4164,9,0.218218,Ox,5536,0,70,-4,16577,-999,39,-2.148018,-15.52308,3150255,2779912,15.065917,51.278762
0,0,37.13518,4163,9,0.215154,Ox,5539,1,70,-4,16561,-999,39,-2.116623,-16.258961,3150049,2779319,15.065917,51.278762
0,0,37.25554,4161,10,0.210941,Ox,5541,0,70,-4,16545,-999,39,-2.12201,-16.286754,3150220,2779433,15.059204,51.278762
0,0,37.12292,4162,9,0.204047,Ox,5539,1,70,-4,16529,-999,39,-2.128888,-15.802687,3150453,2779492,15.045776,51.278762
0,0,37.31911,4165,9,0.195238,Ox,5545,0,70,-4,16513,-999,39,-2.12131,-16.143163,3150165,2779585,15.045776,51.278762
0,0,37.71656,4165,10,0.188727,Ox,5538,1,70,-4,16497,-999,40,-2.132521,-16.060502,3150266,2779448,15.045776,51.278762
0,0,37.28519,4166,9,0.180684,Ox,5541,1,70,-4,16481,-999,39,-2.155232,-15.763807,3150137,2779595,15.05249,51.278762
0,0,37.08978,4164,10,0.16996,Ox,5538,-1,70,-4,16465,-999,39,-2.130583,-15.823068,3150332,2780015,15.065917,51.278762
0,0,37.19526,4163,10,0.163449,Ox,5540,1,70,-4,16449,-999,39,-2.119416,-16.609623,3150782,2779787,15.065917,51.278762
0,0,37.37786,4163,10,0.164981,Ox,5543,1,70,-4,16433,-999,40,-2.125444,-15.919253,3150400,2779988,15.065917,51.278762
0,0,37.43029,4160,10,0.16613,Ox,5545,0,70,-4,16417,-999,40,-2.135878,-16.286754,3150581,2779580,15.045776,51.278762
0,0,37.55304,4160,10,0.171875,Ox,5549,1,70,-4,16401,-999,40,-2.138874,-16.269906,3150573,2779821,15.045776,51.278762
0,0,37.2631,4160,10,0.18145,Ox,5556,0,70,-4,16385,-999,39,-2.145888,-16.071999,3150519,2779517,15.045776,51.278762
0,0,37.34254,4160,10,0.184514,Ox,5557,0,70,-4,16369,-999,39,-2.12932,-16.186892,3150606,2780052,15.05249,51.278762
0,0,37.46375,4163,9,0.191791,Ox,5558,-1,70,-4,16353,-999,40,-2.13386,-16.101682,3150411,2779630,15.05249,51.278762
0,0,37.39395,4163,10,0.198685,Ox,5556,0,70,-4,16337,-999,40,-2.140785,-16.183487,3150287,2779699,15.065917,51.278762
0,0,37.61798,4164,9,0.200983,Ox,5556,1,70,-4,16321,-999,40,-2.136797,-16.581291,3150290,2779666,15.065917,51.278762
0,0,37.44801,4164,10,0.205579,Ox,5559,0,70,-4,16305,-999,40,-2.149599,-16.209518,3150493,2779446,15.059204,51.278762
0,0,38.56239,4164,9,0.212856,Ox,5559,1,870,-73,16289,-999,40,-1.192391,-17.500848,3150408,2777951,15.045776,51.278762
0,0,38.05761,4165,9,0.216686,Ox,5558,0,870,-73,16273,-999,39,-1.288506,-19.030946,3149244,2776778,15.045776,51.278762
0,0,38.00684,4166,9,0.216686,Ox,5559,0,870,-73,16257,-999,39,-1.244969,-17.203353,3147673,2776941,15.045776,51.278762
0,0,37.9169,4165,9,0.221665,Ox,5559,0,870,-73,16241,-999,39,-1.24059,-15.039326,3147290,2778234,15.05249,51.278762
0,0,37.76746,4165,10,0.22741,Ox,5559,0,870,-73,16225,-999,39,-1.232832,-14.407797,3149286,2779844,15.065917,51.278762
0,0,37.96898,4166,9,0.230857,Ox,5558,0,870,-73,16209,-999,39,-1.219943,-14.457083,3151131,2781699,15.065917,51.278762
0,0,37.79441,4164,10,0.236219,Ox,5557,1,870,-73,16193,-999,39,-1.237325,-16.546027,3153381,2781741,15.059204,51.278762
0,0,38.21816,4164,10,0.241198,Ox,5558,0,870,-73,16177,-999,39,-1.222268,-16.749927,3153631,2782226,15.059204,51.278762
0,0,38.27592,4162,11,0.245028,Ox,5553,1,870,-73,16161,-999,40,-1.258816,-17.638661,3154026,2781456,15.045776,51.278762
0,0,38.77387,4162,11,0.247709,Ox,5548,1,870,-73,16145,-999,40,-1.263798,-17.921521,3152703,2779991,15.045776,51.278762
0,0,38.98236,4163,10,0.252688,Ox,5549,0,870,-73,16129,-999,40,-1.306746,-18.735048,3152373,2779195,15.05249,51.278762
0,0,39.49864,4162,11,0.259582,Ox,5550,1,870,-73,16113,-999,41,-1.324729,-18.684206,3151536,2778735,15.059204,51.278762
0,0,40.58522,4163,10,0.261114,Ox,5552,0,870,-73,16097,-999,42,-1.369258,-18.808395,3150861,2778197,15.065917,51.278762
0,0,41.46524,4163,10,0.262646,Ox,5552,1,870,-73,16081,-999,43,-1.462976,-19.213368,3150426,2777264,15.065917,51.278762
0,0,42.30002,4162,10,0.264178,Ox,5548,1,870,-73,16065,-999,44,-1.538877,-19.107728,3150790,2777943,15.059204,51.278762
0,0,43.79762,4161,11,0.266859,Ox,5546,0,870,-73,16049,-999,45,-1.610877,-18.930019,3150198,2777319,15.045776,51.278762
0,0,45.1119,4161,12,0.267625,Ox,5548,0,870,-73,16033,-999,47,-1.740045,-18.936507,3150459,2777595,15.045776,51.278762
0,0,47.00589,4159,12,0.269157,Ox,5554,0,870,-73,16017,-999,49,-1.853402,-19.280982,3150242,2777094,15.045776,51.278762
0,0,48.97414,4159,12,0.268774,Ox,5546,0,870,-73,16001,-999,51,-2.016757,-18.620011,3149866,2777331,15.05249,51.278762
0,0,51.24795,4157,13,0.266859,Ox,5539,1,870,-73,15985,-999,53,-2.186519,-19.362899,3150048,2776768,15.059204,51.278762
0,0,53.71288,4157,12,0.267625,Ox,5539,1,870,-73,15969,-999,56,-2.382636,-18.952341,3150044,2777413,15.065917,51.278762
0,0,56.56598,4158,11,0.267625,Ox,5538,0,870,-73,15953,-999,59,-2.595236,-18.966413,3149930,2777144,15.059204,51.278762
0,0,59.47683,4156,11,0.267242,Ox,5540,0,870,-73,15937,-999,62,-2.841315,-18.989219,3150104,2777236,15.059204,51.278762
0,0,62.81711,4155,12,0.265327,Ox,5541,1,870,-73,15921,-999,66,-3.092377,-19.027429,3149957,2776660,15.045776,51.278762
0,0,66.61588,4154,13,0.266476,Ox,5540,1,870,-73,15905,-999,70,-3.380476,-18.425042,3149563,2776979,15.045776,51.278762
0,0,70.27733,4154,14,0.266093,Ox,5540,0,870,-73,15889,-999,74,-3.70812,-18.88301,3149423,2776819,15.05249,51.278762
0,0,74.911,4153,14,0.264944,Ox,5533,0,870,-73,15873,-999,79,-4.02392,-19.09851,3149349,2777037,15.059204,51.278762
0,0,79.29919,4152,14,0.262646,Ox,5531,2,870,-73,15857,-999,84,-4.423574,-18.573112,3149453,2777306,15.065917,51.278762
0,0,84.13718,4153,15,0.263412,Ox,5533,0,870,-73,15841,-999,89,-4.802055,-18.839089,3149222,2776897,15.065917,51.278762
0,0,89.20843,4153,16,0.263412,Ox,5536,1,870,-73,15825,-999,94,-5.219332,-18.638519,3149189,2776792,15.059204,51.278762
0,0,94.80902,4153,18,0.261114,Ox,5537,1,870,-73,15809,-999,100,-5.656727,-19.09851,3149149,2776475,15.045776,51.278762
0,0,100.6948,4154,19,0.261114,Ox,5534,0,870,-73,15793,-999,107,-6.139778,-18.794381,3149074,2776338,15.045776,51.278762
0,0,107.0088,4153,21,0.259199,Ox,5534,1,870,-73,15777,-999,114,-6.64743,-18.906303,3149074,2776475,15.05249,51.278762
0,0,113.675,4156,22,0.260348,Ox,5529,1,870,-73,15761,-999,121,-7.192013,-18.74427,3148996,2776596,15.05249,51.278762
0,0,120.2064,4154,27,0.258816,Ox,5528,0,870,-73,15745,-999,128,-7.766972,-19.07304,3149022,2776185,15.065917,51.278762
0,0,127.5047,4154,29,0.257667,Ox,5534,-1,870,-73,15729,-999,136,-8.330299,-18.897082,3148760,2776176,15.065917,51.278762
0,0,135.1515,4155,33,0.25805,Ox,5539,1,870,-73,15713,-999,144,-8.95978,-18.866326,3148937,2776285,15.059204,51.278762
0,0,143.1197,4152,39,0.257284,Ox,5539,1,870,-73,15697,-999,153,-9.619318,-18.458663,3148578,2776229,15.059204,51.278762
0,0,150.7387,4152,43,0.256901,Ox,5539,0,870,-73,15681,-999,161,-10.30657,-18.445555,3148417,2776123,15.045776,51.278762
0,0,159.0125,4153,48,0.258816,Ox,5532,1,870,-73,15665,-999,170,-10.96371,-18.409385,3148619,2775913,15.045776,51.278762
0,0,167.2433,4154,55,0.257284,Ox,5535,1,870,-73,15649,-999,179,-11.67732,-17.857525,3147837,2776171,15.05249,51.278762
0,0,175.7952,4155,61,0.255369,Ox,5540,1,870,-73,15633,-999,188,-12.38724,-16.88857,3147620,2776693,15.059204,51.278762
0,0,184.9683,4152,70,0.253454,Ox,5540,1,870,-73,15617,-999,198,-13.12483,-16.933485,3147113,2776019,15.065917,51.278762
0,0,194.2801,4151,78,0.253837,Ox,5537,1,870,-73,15601,-999,208,-13.91601,-15.372567,3145641,2776041,15.065917,51.278762
0,0,203.8321,4150,87,0.253837,Ox,5535,1,870,-73,15585,-999,219,-14.71916,-14.353635,3145069,2776275,15.065917,51.278762
0,0,213.5844,4146,98,0.255752,Ox,5534,0,870,-73,15569,-999,229,-15.54302,-12.600319,3143005,2776376,15.045776,51.278762
0,0,223.4199,4143,110,0.256135,Ox,5532,1,870,-73,15553,-999,240,-16.38416,-10.38986,3141033,2776334,15.045776,51.278762
0,0,233.9783,4135,122,0.253071,Ox,5527,1,870,-73,15537,-999,251,-17.23246,-6.018279,3137644,2776254,15.05249,51.278762
0,0,244.483,4132,135,0.253837,Ox,5526,2,870,-73,15521,-999,263,-18.14313,-2.1653623,3133431,2775987,15.059204,51.278762
0,0,255.1211,4127,148,0.251539,Ox,5522,3,870,-73,15505,-999,274,-19.04916,4.4729242,3127956,2776221,15.065917,51.278762
0,0,266.026,4122,164,0.25039,Ox,5521,3,870,-73,15489,-999,286,-19.9667,12.734304,3120901,2776496,15.065917,51.278762
0,0,277.4834,4114,181,0.253454,Ox,5521,3,870,-73,15473,-999,298,-20.90724,23.751666,3111823,2776000,15.059204,51.278762
0,0,288.6344,4108,198,0.249241,Ox,5518,3,870,-73,15457,-999,311,-21.89544,37.844116,3100519,2775931,15.045776,51.278762
0,0,300.2977,4102,217,0.25039,Ox,5525,4,870,-73,15441,-999,323,-22.85722,55.234365,3087114,2775827,15.045776,51.278762
0,0,311.868,4092,237,0.249624,Ox,5516,4,870,-73,15425,-999,336,-23.86317,77.140288,3071648,2775949,15.05249,51.278762
0,0,323.7248,4083,258,0.250773,Ox,5520,4,870,-73,15409,-999,349,-24.86112,103.8146,3052522,2775741,15.05249,51.278762
0,0,335.5102,4073,282,0.249241,Ox,5515,6,870,-73,15393,-999,361,-25.88376,136.12333,3031044,2776015,15.065917,51.278762
0,0,347.3748,4068,305,0.248858,Ox,5505,6,870,-73,15377,-999,374,-26.90026,175.41157,3007010,2775975,15.065917,51.278762
0,0,359.5428,4058,331,0.248858,Ox,5495,7,870,-73,15361,-999,387,-27.92358,197.51438,2994587,2775766,15.065917,51.278762
0,0,371.6122,4044,359,0.247709,Ox,5503,8,870,-73,15345,-999,401,-28.97306,246.49453,2967305,2775952,15.059204,51.278762
0,0,383.5901,4032,387,0.24656,Ox,5499,9,870,-73,15329,-999,414,-30.01406,302.78284,2938815,2775452,15.045776,51.278762
0,0,395.6834,4014,418,0.247709,Ox,5480,9,870,-73,15313,-999,427,-31.04714,367.95401,2908958,2775894,15.045776,51.278762
0,0,407.9052,3996,450,0.247326,Ox,5469,10,870,-73,15297,-999,440,-32.0902,439.10517,2877460,2775204,15.05249,51.278762
0,0,419.8735,3976,483,0.245028,Ox,5446,11,870,-73,15281,-999,453,-33.14433,520.10278,2845787,2775753,15.059204,51.278762
0,0,431.917,3956,518,0.246943,Ox,5435,13,870,-73,15265,-999,466,-34.17659,606.82058,2813617,2775294,15.065917,51.278762
0,0,443.8326,3934,555,0.24656,Ox,5434,14,870,-73,15249,-999,479,-35.21534,701.61995,2780756,2775371,15.065917,51.278762
0,0,455.5512,3914,593,0.248092,Ox,5429,15,870,-73,15233,-999,492,-36.24306,804.17156,2749178,2774797,15.059204,51.278762
0,0,467.1685,3897,633,0.243879,Ox,5435,16,870,-73,15217,-999,504,-37.25379,904.13799,2719989,2775022,15.045776,51.278762
0,0,478.5308,3883,675,0.24273,Ox,5425,18,870,-73,15201,-999,517,-38.25578,1003.6027,2693122,2774976,15.045776,51.278762
0,0,490.2108,3870,720,0.245028,Ox,5423,19,870,-73,15185,-999,529,-39.23578,1103.4108,2667564,2775323,15.045776,51.278762
0,0,501.4847,3861,767,0.239666,Ox,5420,20,870,-73,15169,-999,542,-40.24318,1198.5871,2643024,2774652,15.05249,51.278762
0,0,512.7392,3857,813,0.246177,Ox,5415,23,870,-73,15153,-999,554,-41.21556,1301.4223,2619004,2774744,15.059204,51.278762
0,0,523.4423,3857,864,0.243879,Ox,5407,24,870,-73,15137,-999,566,-42.18626,1401.9267,2596221,2775001,15.065917,51.278762
0,0,534.3465,3869,913,0.242347,Ox,5405,26,870,-73,15121,-999,577,-43.1094,1498.6904,2575074,2774676,15.065917,51.278762
0,0,545.2114,3885,967,0.241581,Ox,5415,28,870,-73,15105,-999,589,-44.04988,1593.1605,2555804,2775034,15.059204,51.278762
0,0,555.6758,3907,1022,0.242347,Ox,5427,30,870,-73,15089,-999,601,-44.98698,1676.7406,2539588,2774158,15.045776,51.278762
0,0,565.594,3935,1078,0.24273,Ox,5447,33,870,-73,15073,-999,611,-45.88953,1750.8846,2525293,2774740,15.045776,51.278762
0,0,575.7159,3966,1137,0.24273,Ox,5464,35,870,-73,15057,-999,622,-46.74498,1811.3742,2514701,2774536,15.05249,51.278762
0,0,585.4169,4002,1199,0.243113,Ox,5480,37,870,-73,15041,-999,633,-47.618,1858.456,2506171,2774398,15.059204,51.278762
0,0,594.8094,4045,1262,0.240049,Ox,5507,41,870,-73,15025,-999,643,-48.4547,1888.6198,2501332,2774720,15.065917,51.278762
0,0,604.0613,4092,1326,0.240815,Ox,5535,44,870,-73,15009,-999,653,-49.26482,1898.1534,2499840,2774812,15.065917,51.278762
0,0,612.9803,4145,1394,0.239666,Ox,5575,48,870,-73,14993,-999,663,-50.06279,1903.3924,2499254,2774072,15.065917,51.278762
0,0,622.2354,4203,1460,0.241964,Ox,5614,50,870,-73,14977,-999,673,-50.83205,1896.3518,2501418,2774535,15.045776,51.278762
0,0,630.9386,4261,1531,0.242347,Ox,5642,54,870,-73,14961,-999,683,-51.6303,1886.1837,2503104,2774774,15.045776,51.278762
0,0,639.4924,4322,1605,0.241198,Ox,5690,58,870,-73,14945,-999,692,-52.38095,1876.357,2505135,2775310,15.045776,51.278762
0,0,648.2194,4395,1681,0.24273,Ox,5732,61,870,-73,14929,-999,701,-53.11872,1864.2794,2506850,2774245,15.05249,51.278762
0,0,656.556,4471,1758,0.241198,Ox,5763,65,870,-73,14913,-999,710,-53.87143,1866.0278,2506528,2774564,15.065917,51.278762
0,0,664.5798,4552,1838,0.243879,Ox,5792,70,870,-73,14897,-999,719,-54.59046,1870.7147,2504958,2774861,15.065917,51.278762
0,0,672.7015,4640,1921,0.240432,Ox,5828,74,870,-73,14881,-999,728,-55.28251,1888.6295,2501222,2774559,15.065917,51.278762
0,0,680.4976,4734,2008,0.241581,Ox,5863,79,870,-73,14865,-999,736,-55.98301,1910.9735,2496830,2774951,15.059204,51.278762
0,0,688.2432,4837,2099,0.243879,Ox,5918,84,870,-73,14849,-999,745,-56.65541,1935.8304,2492558,2774753,15.045776,51.278762
0,0,695.4343,4950,2189,0.240815,Ox,5973,90,870,-73,14833,-999,753,-57.32347,1965.92,2487194,2774774,15.045776,51.278762
0,0,703.0143,5067,2283,0.239666,Ox,6039,95,870,-73,14817,-999,761,-57.94371,1989.8914,2482108,2774592,15.05249,51.278762
0,0,710.0909,5194,2378,0.243113,Ox,6114,100,870,-73,14801,-999,769,-58.59749,2011.5895,2478603,2774797,15.059204,51.278762
0,0,717.4325,5323,2475,0.241581,Ox,6186,105,870,-73,14785,-999,777,-59.20784,2028.3989,2476116,2774399,15.065917,51.278762
0,0,724.0685,5460,2573,0.239666,Ox,6249,112,870,-73,14769,-999,784,-59.84105,2042.314,2473877,2774579,15.065917,51.278762
0,0,730.8962,5596,2677,0.237751,Ox,6306,119,870,-73,14753,-999,791,-60.41341,2052.9799,2471634,2774236,15.059204,51.278762
0,0,737.5361,5734,2784,0.238134,Ox,6371,127,870,-73,14737,-999,799,-61.00229,2062.0608,2470675,2774927,15.045776,51.278762
0,0,744.1418,5870,2893,0.240049,Ox,6432,132,870,-73,14721,-999,806,-61.57499,2067.1517,2469300,2774584,15.045776,51.278762
0,0,750.609,6011,3026,0.240815,Ox,6491,141,870,-73,14705,-999,813,-62.14473,2074.5959,2467947,2774678,15.05249,51.278762
0,0,756.8854,6143,3156,0.237751,Ox,6568,149,870,-73,14689,-999,820,-62.70253,2085.802,2466105,2774799,15.05249,51.278762
0,0,763.1574,6272,3290,0.239666,Ox,6643,158,870,-73,14673,-999,826,-63.24386,2089.4246,2465368,2774237,15.059204,51.278762
0,0,769.3176,6398,3424,0.241198,Ox,6710,168,870,-73,14657,-999,833,-63.78482,2096.6007,2464239,2774882,15.059204,51.278762
0,0,775.314,6518,3557,0.241581,Ox,6780,177,870,-73,14641,-999,840,-64.31615,2100.9809,2463918,2774789,15.059204,51.278762
0,0,780.9976,6630,3689,0.238134,Ox,6839,187,870,-73,14625,-999,846,-64.83333,2096.147,2464661,2774269,15.059204,51.278762
0,0,786.9614,6732,3823,0.2389,Ox,6895,197,870,-73,14609,-999,852,-65.32354,2080.9049,2468452,2774818,15.045776,51.278762
0,0,792.8185,6826,3958,0.239283,Ox,6946,207,870,-73,14593,-999,859,-65.83792,2052.1078,2474047,2774468,15.045776,51.278762
0,0,798.5405,6910,4094,0.239283,Ox,6992,217,870,-73,14577,-999,865,-66.34309,2006.4549,2482765,2774506,15.05249,51.278762
0,0,803.7605,6988,4231,0.237751,Ox,7028,227,870,-73,14561,-999,871,-66.83662,1945.3166,2494631,2774244,15.059204,51.278762
0,0,809.3084,7054,4370,0.240049,Ox,7063,238,870,-73,14545,-999,877,-67.28684,1868.8999,2509739,2774535,15.065917,51.278762
0,0,814.6516,7104,4511,0.240432,Ox,7086,248,870,-73,14529,-999,882,-67.76535,1776.5575,2528342,2774884,15.059204,51.278762
0,0,820.0206,7152,4653,0.239283,Ox,7122,259,870,-73,14513,-999,888,-68.2262,1669.8377,2550319,2774579,15.059204,51.278762
0,0,824.9011,7194,4795,0.2389,Ox,7148,270,870,-73,14497,-999,894,-68.68928,1554.5644,2575060,2774660,15.045776,51.278762
0,0,829.9854,7231,4939,0.239283,Ox,7177,281,870,-73,14481,-999,899,-69.11022,1433.0368,2602046,2774814,15.045776,51.278762
0,0,835.0596,7261,5088,0.237368,Ox,7200,293,870,-73,14465,-999,905,-69.54874,1307.9192,2630488,2774700,15.05249,51.278762
0,0,839.8009,7284,5238,0.239283,Ox,7219,303,870,-73,14449,-999,910,-69.98639,1182.6884,2661101,2775343,15.05249,51.278762
0,0,844.5466,7325,5345,0.239666,Ox,7245,313,870,-73,14433,-999,915,-70.39532,1062.1221,2691706,2774900,15.065917,51.278762
0,0,849.2988,7231,5401,0.236219,Ox,7262,316,870,-73,14417,-999,920,-70.80465,946.37012,2723410,2775358,15.065917,51.278762
0,0,852.998,7248,4992,0.237368,Ox,7278,286,870,-73,14401,-999,924,-71.21452,839.39914,2754569,2775667,15.059204,51.278762
0,0,856.0754,7221,4726,0.240049,Ox,7266,265,870,-73,14385,-999,928,-71.53358,740.23909,2784758,2775255,15.045776,51.278762
0,0,858.3359,7231,4189,0.236602,Ox,7268,227,870,-73,14369,-999,930,-71.79901,649.17778,2813959,2774912,15.045776,51.278762
0,0,859.2642,7315,3948,0.235836,Ox,7275,211,870,-73,14353,-999,931,-71.99397,572.25332,2841554,2775739,15.045776,51.278762
0,0,860.6197,7421,3953,0.233155,Ox,7291,210,870,-73,14337,-999,933,-72.07404,500.35614,2867433,2775517,15.05249,51.278762
0,0,862.1263,7347,4225,0.236985,Ox,7281,229,870,-73,14321,-999,934,-72.19095,469.58112,2878980,2775392,15.059204,51.278762
0,0,863.3082,7360,3994,0.234687,Ox,7283,214,870,-73,14305,-999,936,-72.32089,413.57388,2902125,2775918,15.065917,51.278762
0,0,864.9561,7388,4025,0.236602,Ox,7283,215,870,-73,14289,-999,937,-72.42284,364.56847,2922122,2775293,15.065917,51.278762
0,0,866.4395,7306,3920,0.235453,Ox,7284,207,870,-73,14273,-999,939,-72.56496,324.25117,2940766,2775893,15.059204,51.278762
0,0,867.2497,7265,3515,0.236985,Ox,7276,179,870,-73,14257,-999,940,-72.69291,289.66965,2956517,2776101,15.045776,51.278762
0,0,867.1486,7279,3262,0.237751,Ox,7284,162,870,-73,14241,-999,940,-72.76279,260.6759,2970653,2776002,15.045776,51.278762
0,0,866.8132,7341,2999,0.233921,Ox,7294,146,870,-73,14225,-999,940,-72.75407,236.30833,2982643,2775720,15.05249,51.278762
0,0,866.1542,7409,3089,0.236602,Ox,7291,151,870,-73,14209,-999,939,-72.72514,217.0264,2992672,2776001,15.05249,51.278762
0,0,866.5551,7439,3230,0.236602,Ox,7298,159,870,-73,14193,-999,939,-72.6683,200.06108,3001424,2775992,15.065917,51.278762
0,0,867.271,7330,3438,0.235836,Ox,7293,173,870,-73,14177,-999,940,-72.70287,185.27595,3009686,2776203,15.065917,51.278762
0,0,867.6158,7331,3152,0.234304,Ox,7296,154,870,-73,14161,-999,940,-72.76463,172.99375,3016174,2775847,15.059204,51.278762
0,0,868.0553,7350,3121,0.23507,Ox,7305,152,870,-73,14145,-999,941,-72.79436,161.00391,3023049,2775785,15.045776,51.278762
0,0,867.9236,7352,2855,0.23507,Ox,7310,136,870,-73,14129,-999,941,-72.83227,151.43405,3028929,2775590,15.045776,51.278762
0,0,867.7473,7400,2866,0.235453,Ox,7313,137,870,-73,14113,-999,941,-72.82091,141.39873,3035039,2776018,15.045776,51.278762
0,0,867.7937,7375,2892,0.233155,Ox,7305,138,870,-73,14097,-999,941,-72.8057,132.25511,3040303,2775816,15.05249,51.278762
0,0,867.6959,7380,2875,0.236219,Ox,7311,137,870,-73,14081,-999,941,-72.80971,123.53131,3046247,2775710,15.065917,51.278762
0,0,867.673,7383,2856,0.235453,Ox,7314,135,870,-73,14065,-999,940,-72.80127,114.73819,3052053,2775967,15.065917,51.278762
0,0,868.1129,7383,2838,0.234304,Ox,7311,135,870,-73,14049,-999,941,-72.7993,105.74027,3057352,2776233,15.065917,51.278762
0,0,867.9812,7382,2822,0.233921,Ox,7315,133,870,-73,14033,-999,941,-72.83724,97.867021,3062852,2776198,15.059204,51.278762
0,0,868.0238,7384,2804,0.235836,Ox,7315,131,870,-73,14017,-999,941,-72.82588,89.252901,3068260,2775788,15.045776,51.278762
0,0,868.1766,7384,2788,0.23507,Ox,7314,131,870,-73,14001,-999,941,-72.82955,82.097558,3073136,2776103,15.045776,51.278762
0,0,868.2573,7386,2772,0.235453,Ox,7312,130,870,-73,13985,-999,941,-72.84273,75.322899,3077668,2776143,15.05249,51.278762
0,0,868.4067,7387,2753,0.236602,Ox,7309,129,870,-73,13969,-999,941,-72.84969,71.736931,3080502,2775941,15.05249,51.278762
0,0,868.8005,7387,2738,0.233155,Ox,7307,126,870,-73,13953,-999,942,-72.86258,65.313444,3084973,2776118,15.065917,51.278762
0,0,868.6414,7335,2694,0.235836,Ox,7305,125,870,-73,13937,-999,942,-72.89655,58.941388,3089068,2775621,15.065917,51.278762
0,0,868.4675,7347,2448,0.232389,Ox,7314,108,870,-73,13921,-999,941,-72.88282,53.635373,3093033,2776151,15.059204,51.278762
0,0,867.5439,7424,2405,0.233921,Ox,7317,106,870,-73,13905,-999,940,-72.86782,48.192882,3096808,2775926,15.045776,51.278762
0,0,867.0606,7401,2656,0.234687,Ox,7314,122,870,-73,13889,-999,940,-72.78817,42.448573,3100650,2775663,15.045776,51.278762
0,0,867.7278,7415,2660,0.233921,Ox,7317,122,870,-73,13873,-999,940,-72.74648,39.040889,3103929,2776519,15.045776,51.278762
0,0,868.077,7357,2850,0.23507,Ox,7309,133,870,-73,13857,-999,941,-72.80402,33.722584,3107569,2775909,15.05249,51.278762
0,0,868.0469,7334,2623,0.235453,Ox,7306,119,870,-73,13841,-999,941,-72.83414,29.78203,3110921,2776529,15.059204,51.278762
0,0,868.6125,7370,2527,0.234687,Ox,7308,114,870,-73,13825,-999,941,-72.83154,25.626311,3113246,2776087,15.065917,51.278762
0,0,867.8442,7347,2441,0.235836,Ox,7315,108,870,-73,13809,-999,941,-72.88033,22.06557,3116370,2776353,15.059204,51.278762
0,0,867.4413,7395,2263,0.233921,Ox,7324,98,870,-73,13793,-999,940,-72.81406,18.084942,3118972,2775935,15.059204,51.278762
0,0,867.0382,7439,2503,0.233538,Ox,7326,110,870,-73,13777,-999,940,-72.77931,15.732561,3121257,2776258,15.045776,51.278762
0,0,867.417,7410,2783,0.232772,Ox,7318,129,870,-73,13761,-999,940,-72.74454,12.261697,3123606,2776401,15.045776,51.278762
0,0,868.0412,7404,2848,0.235836,Ox,7318,133,870,-73,13745,-999,941,-72.77721,9.681693,3125671,2775988,15.05249,51.278762
0,0,868.8947,7346,2837,0.235836,Ox,7317,131,870,-73,13729,-999,942,-72.83105,6.7574458,3128156,2776380,15.059204,51.278762
0,0,869.5095,7307,2547,0.232772,Ox,7312,115,870,-73,13713,-999,942,-72.90466,4.5183191,3129514,2775939,15.065917,51.278762
0,0,868.8619,7325,2279,0.234304,Ox,7313,99,870,-73,13697,-999,942,-72.9577,2.1620981,3131509,2775689,15.065917,51.278762
0,0,867.9791,7396,2116,0.234687,Ox,7325,89,870,-73,13681,-999,941,-72.90184,0.19097409,3133274,2776315,15.059204,51.278762
0,0,867.3671,7436,2362,0.234304,Ox,7334,102,870,-73,13665,-999,940,-72.8257,-1.4894509,3134845,2776262,15.045776,51.278762
0,0,866.9821,7426,2664,0.234304,Ox,7326,120,870,-73,13649,-999,940,-72.77292,-3.0705759,3135778,2776155,15.045776,51.278762
0,0,867.8285,7399,2921,0.23507,Ox,7320,137,870,-73,13633,-999,941,-72.7397,-3.586759,3136508,2776403,15.045776,51.278762
0,0,868.8817,7336,2923,0.234304,Ox,7315,137,870,-73,13617,-999,942,-72.81271,-5.0373129,3137485,2776417,15.05249,51.278762
0,0,870.2305,7301,2607,0.235836,Ox,7308,118,870,-73,13601,-999,943,-72.90355,-6.432856,3138529,2776212,15.059204,51.278762
0,0,869.8324,7322,2325,0.234687,Ox,7309,102,870,-73,13585,-999,943,-73.01988,-7.6932134,3139338,2776034,15.065917,51.278762
0,0,868.5212,7333,2137,0.234687,Ox,7314,90,870,-73,13569,-999,942,-72.98554,-7.9287004,3139613,2776398,15.065917,51.278762
0,0,867.5706,7394,2079,0.23507,Ox,7327,88,870,-73,13553,-999,940,-72.87245,-8.9214496,3140657,2776093,15.059204,51.278762
0,0,866.9645,7435,2322,0.235453,Ox,7330,100,870,-73,13537,-999,940,-72.79047,-9.1481513,3140865,2776357,15.045776,51.278762
0,0,867.1106,7437,2629,0.235836,Ox,7325,120,870,-73,13521,-999,940,-72.73818,-10.082737,3141497,2776274,15.045776,51.278762
0,0,868.0363,7401,2905,0.234687,Ox,7321,135,870,-73,13505,-999,941,-72.75079,-10.700625,3142061,2776458,15.05249,51.278762
0,0,869.3958,7332,2892,0.234304,Ox,7321,135,870,-73,13489,-999,942,-72.83064,-10.895402,3142095,2775833,15.059204,51.278762
0,0,870.0609,7305,2575,0.235453,Ox,7319,116,870,-73,13473,-999,943,-72.94788,-11.103955,3142614,2776163,15.065917,51.278762
0,0,870.0662,7323,2297,0.235836,Ox,7321,99,870,-73,13457,-999,943,-73.00526,-11.789467,3142955,2776154,15.065917,51.278762
0,0,869.3772,7331,2110,0.234687,Ox,7325,89,870,-73,13441,-999,942,-73.00571,-12.022695,3143094,2776295,15.059204,51.278762
0,0,867.8408,7395,2039,0.23507,Ox,7331,85,870,-73,13425,-999,941,-72.94628,-11.901233,3143286,2776024,15.045776,51.278762
0,0,866.8161,7439,2291,0.23507,Ox,7332,99,870,-73,13409,-999,940,-72.81377,-12.25477,3143606,2775986,15.045776,51.278762
0,0,866.967,7429,2609,0.23507,Ox,7330,117,870,-73,13393,-999,940,-72.72539,-12.881386,3143878,2776187,15.05249,51.278762
0,0,868.2677,7397,2881,0.236219,Ox,7325,134,870,-73,13377,-999,941,-72.7384,-13.021706,3144105,2776253,15.05249,51.278762
0,0,869.4384,7331,2871,0.23507,Ox,7326,134,870,-73,13361,-999,942,-72.85059,-13.472254,3144199,2775953,15.065917,51.278762
0,0,870.2764,7300,2562,0.236219,Ox,7327,114,870,-73,13345,-999,943,-72.95156,-13.651943,3144477,2776174,15.065917,51.278762
0,0,869.8285,7321,2286,0.235453,Ox,7329,99,870,-73,13329,-999,943,-73.02383,-13.32309,3144352,2776457,15.059204,51.278762
0,0,869.2725,7331,2100,0.23507,Ox,7326,88,870,-73,13313,-999,942,-72.98521,-14.043226,3144789,2776041,15.045776,51.278762
0,0,868.0688,7393,2034,0.23507,Ox,7328,84,870,-73,13297,-999,941,-72.93725,-14.262177,3144698,2776053,15.045776,51.278762
0,0,867.203,7438,2278,0.236219,Ox,7336,99,870,-73,13281,-999,940,-72.83344,-14.320733,3145011,2776217,15.045776,51.278762
0,0,867.5592,7429,2586,0.239283,Ox,7328,116,870,-73,13265,-999,940,-72.75876,-13.917792,3144878,2776866,15.05249,51.278762
0,0,868.3105,7343,2811,0.234687,Ox,7323,129,870,-73,13249,-999,941,-72.78948,-14.902441,3145449,2776137,15.059204,51.278762
0,0,869.5598,7326,2569,0.23507,Ox,7325,115,870,-73,13233,-999,942,-72.85428,-14.42516,3145457,2776136,15.065917,51.278762
0,0,869.5773,7337,2439,0.235453,Ox,7327,107,870,-73,13217,-999,943,-72.96204,-14.598592,3145591,2776647,15.059204,51.278762
0,0,869.3254,7325,2233,0.235836,Ox,7331,95,870,-73,13201,-999,942,-72.96355,-15.412556,3145744,2775873,15.059204,51.278762
0,0,868.8152,7397,2137,0.235453,Ox,7338,90,870,-73,13185,-999,942,-72.94182,-15.222579,3145298,2776107,15.045776,51.278762
0,0,868.2647,7396,2346,0.233921,Ox,7338,102,870,-73,13169,-999,941,-72.89781,-15.005349,3146019,2776533,15.045776,51.278762
0,0,868.0932,7414,2370,0.232389,Ox,7341,104,870,-73,13153,-999,941,-72.85033,-15.20797,3146024,2776416,15.05249,51.278762
0,0,868.4521,7383,2577,0.236602,Ox,7343,115,870,-73,13137,-999,941,-72.83554,-15.865414,3146426,2776345,15.05249,51.278762
0,0,869.1721,7359,2547,0.235453,Ox,7340,114,870,-73,13121,-999,942,-72.86649,-15.635662,3145969,2776031,15.065917,51.278762
0,0,869.6733,7340,2437,0.235453,Ox,7337,106,870,-73,13105,-999,943,-72.9286,-15.633897,3146168,2776291,15.065917,51.278762
0,0,869.5363,7326,2203,0.234687,Ox,7327,94,870,-73,13089,-999,943,-72.97182,-16.549131,3146818,2776029,15.059204,51.278762
0,0,868.5467,7337,2025,0.232389,Ox,7322,83,870,-73,13073,-999,942,-72.96001,-15.783035,3146032,2776292,15.045776,51.278762
0,0,867.4745,7401,1960,0.233538,Ox,7328,80,870,-73,13057,-999,940,-72.87465,-15.405375,3146202,2776172,15.045776,51.278762
0,0,866.535,7441,2189,0.235836,Ox,7330,93,870,-73,13041,-999,939,-72.78218,-16.546942,3146412,2776146,15.05249,51.278762
0,0,866.7411,7405,2452,0.23507,Ox,7330,107,870,-73,13025,-999,939,-72.70114,-16.089518,3146428,2776319,15.05249,51.278762
0,0,867.4113,7392,2523,0.236602,Ox,7330,111,870,-73,13009,-999,940,-72.71892,-15.64984,3146230,2776625,15.065917,51.278762
0,0,868.1981,7392,2555,0.23507,Ox,7334,113,870,-73,12993,-999,941,-72.77673,-16.196991,3146224,2775953,15.065917,51.278762
0,0,868.8498,7346,2560,0.236602,Ox,7336,115,870,-73,12977,-999,942,-72.84459,-15.937504,3146568,2776328,15.065917,51.278762
0,0,869.5133,7322,2312,0.236602,Ox,7336,99,870,-73,12961,-999,942,-72.90079,-16.123091,3146253,2775890,15.059204,51.278762
0,0,868.9241,7337,2085,0.235453,Ox,7338,87,870,-73,12945,-999,942,-72.95802,-16.108496,3146387,2776240,15.045776,51.278762
0,0,867.9424,7406,1944,0.234687,Ox,7343,79,870,-73,12929,-999,941,-72.9072,-16.440479,3146356,2775366,15.045776,51.278762
0,0,866.8386,7446,2179,0.233155,Ox,7347,92,870,-73,12913,-999,940,-72.82253,-16.809556,3146815,2776149,15.045776,51.278762
0,0,867.0276,7437,2489,0.235453,Ox,7340,110,870,-73,12897,-999,940,-72.72733,-16.305729,3146627,2776182,15.05249,51.278762
0,0,868.3563,7408,2749,0.235453,Ox,7345,124,870,-73,12881,-999,941,-72.74363,-16.608346,3146253,2775788,15.065917,51.278762
0,0,869.3995,7341,2763,0.234687,Ox,7338,126,870,-73,12865,-999,942,-72.85824,-15.625135,3146298,2776408,15.065917,51.278762
0,0,870.4989,7310,2472,0.234687,Ox,7337,108,870,-73,12849,-999,943,-72.9482,-16.58883,3146698,2776142,15.059204,51.278762
0,0,870.1849,7330,2210,0.236602,Ox,7338,94,870,-73,12833,-999,943,-73.04303,-16.050221,3146474,2776098,15.045776,51.278762
0,0,869.4921,7339,2035,0.236219,Ox,7341,83,870,-73,12817,-999,943,-73.01595,-16.451909,3146688,2776233,15.045776,51.278762
0,0,868.2377,7399,1975,0.237368,Ox,7350,80,870,-73,12801,-999,941,-72.95619,-16.301349,3146638,2776082,15.045776,51.278762
0,0,867.6263,7442,2218,0.233538,Ox,7354,94,870,-73,12785,-999,940,-72.848,-16.148821,3146349,2775850,15.05249,51.278762
0,0,868.0857,7389,2501,0.233538,Ox,7353,110,870,-73,12769,-999,941,-72.79527,-16.688652,3146900,2775916,15.065917,51.278762
0,0,868.4841,7361,2476,0.23507,Ox,7352,108,870,-73,12753,-999,941,-72.83489,-16.547305,3146939,2776553,15.065917,51.278762
0,0,868.9816,7368,2399,0.236219,Ox,7352,104,870,-73,12737,-999,942,-72.86926,-15.973822,3146376,2776562,15.059204,51.278762
0,0,869.2829,7345,2314,0.234687,Ox,7345,99,870,-73,12721,-999,942,-72.91216,-16.390069,3146783,2776324,15.059204,51.278762
0,0,869.0066,7355,2127,0.234304,Ox,7345,88,870,-73,12705,-999,942,-72.93815,-16.238101,3146743,2776588,15.045776,51.278762
0,0,868.3734,7383,2092,0.233921,Ox,7347,85,870,-73,12689,-999,941,-72.91432,-16.521772,3146629,2776236,15.045776,51.278762
0,0,867.8336,7419,2102,0.23507,Ox,7346,87,870,-73,12673,-999,941,-72.8597,-16.185007,3146557,2776520,15.05249,51.278762
0,0,867.4109,7401,2332,0.234304,Ox,7342,99,870,-73,12657,-999,940,-72.81315,-16.325613,3146240,2776215,15.059204,51.278762
0,0,868.2294,7414,2355,0.236219,Ox,7343,101,870,-73,12641,-999,941,-72.7767,-16.395785,3147025,2776287,15.065917,51.278762
0,0,868.4404,7367,2531,0.236219,Ox,7338,112,870,-73,12625,-999,941,-72.84729,-16.120964,3146556,2776295,15.065917,51.278762
0,0,869.0793,7349,2345,0.233921,Ox,7337,101,870,-73,12609,-999,942,-72.86548,-16.414878,3146473,2775990,15.059204,51.278762
0,0,869.3371,7354,2248,0.234304,Ox,7340,95,870,-73,12593,-999,942,-72.92059,-16.36976,3146644,2776025,15.045776,51.278762
0,0,868.7516,7362,2075,0.234687,Ox,7340,86,870,-73,12577,-999,942,-72.94283,-16.747376,3147082,2776110,15.045776,51.278762
0,0,867.9261,7387,2050,0.235836,Ox,7345,84,870,-73,12561,-999,941,-72.89233,-16.291558,3146780,2776411,15.045776,51.278762
0,0,867.9034,7421,2065,0.235836,Ox,7348,83,870,-73,12545,-999,941,-72.82113,-16.313695,3146333,2775941,15.05249,51.278762
0,0,867.5613,7403,2295,0.232772,Ox,7349,98,870,-73,12529,-999,940,-72.81917,-16.648897,3146685,2776255,15.059204,51.278762
0,0,867.4657,7375,2296,0.232772,Ox,7352,98,870,-73,12513,-999,940,-72.78967,-16.623239,3146522,2776038,15.065917,51.278762
0,0,868.1308,7421,2264,0.235836,Ox,7363,96,870,-73,12497,-999,941,-72.78142,-16.211097,3146805,2775764,15.059204,51.278762
0,0,868.2299,7372,2449,0.235836,Ox,7364,106,870,-73,12481,-999,941,-72.83878,-15.721947,3146181,2776300,15.059204,51.278762
0,0,868.6594,7353,2280,0.233155,Ox,7364,97,870,-73,12465,-999,942,-72.84732,-16.147909,3146418,2775671,15.045776,51.278762
0,0,868.4597,7358,2192,0.235453,CH4+Ox,7363,92,0,-2,12449,-999,941,-72.89059,-16.064274,3146240,2776169,15.045776,51.278762
0,0,868.1318,7348,2002,0.230091,CH4+Ox,7363,81,0,-2,12433,-999,941,-72.8743,-16.216452,3146376,2776200,15.05249,51.278762
0,0,867.0951,7352,1835,0.233155,CH4+Ox,7357,73,0,-2,12417,-999,940,-72.84754,-16.64628,3146724,2775493,15.059204,51.278762
0,0,865.5537,7361,1690,0.234687,CH4+Ox,7355,65,0,-2,12401,-999,938,-72.76293,-16.326401,3146355,2775744,15.065917,51.278762
0,0,863.9293,7360,1560,0.236602,CH4+Ox,7357,57,0,-2,12385,-999,937,-72.63714,-16.16214,3146699,2776575,15.059204,51.278762
0,0,861.1882,7368,1431,0.232772,CH4+Ox,7382,51,0,-2,12369,-999,934,-72.50457,-16.145231,3146500,2776182,15.059204,51.278762
0,0,857.9476,7374,1304,0.233155,CH4+Ox,7366,46,0,-2,12353,-999,930,-72.28088,-16.337957,3146974,2776238,15.045776,51.278762
0,0,853.8784,7378,1176,0.229325,CH4+Ox,7380,39,0,-2,12337,-999,926,-72.01642,-16.589743,3146535,2775467,15.045776,51.278762
0,0,849.2903,7378,1047,0.227027,CH4+Ox,7382,35,0,-2,12321,-999,921,-71.68433,-16.18148,3146625,2776310,15.045776,51.278762
0,0,843.7564,7385,920,0.227027,CH4+Ox,7403,28,0,-2,12305,-999,915,-71.3099,-16.205381,3146589,2776026,15.05249,51.278762
0,0,837.0676,7390,801,0.226644,CH4+Ox,7421,23,0,-2,12289,-999,908,-70.85828,-16.52785,3146656,2775686,15.065917,51.278762
0,0,829.4022,7397,693,0.227027,CH4+Ox,7426,20,0,-2,12273,-999,900,-70.31241,-16.426311,3146817,2775656,15.059204,51.278762
0,0,820.9066,7407,597,0.226644,CH4+Ox,7445,16,0,-2,12257,-999,891,-69.68685,-16.426738,3146218,2776348,15.059204,51.278762
0,0,813.0228,7413,516,0.225878,CH4+Ox,7447,13,0,-2,12241,-999,882,-68.99353,-16.087386,3146277,2776266,15.045776,51.278762
0,0,803.5997,7424,445,0.225878,CH4+Ox,7463,10,0,-2,12225,-999,872,-68.35014,-15.975525,3146686,2776347,15.045776,51.278762
0,0,794.6633,7430,385,0.222814,CH4+Ox,7464,9,0,-2,12209,-999,862,-67.58112,-16.421022,3146533,2776017,15.045776,51.278762
0,0,784.6985,7436,332,0.220133,CH4+Ox,7462,8,0,-2,12193,-999,852,-66.85183,-16.214624,3146483,2776289,15.05249,51.278762
0,0,775.7899,7448,289,0.21975,CH4+Ox,7476,7,0,-2,12177,-999,842,-66.03862,-16.458537,3146879,2776182,15.059204,51.278762
0,0,765.4749,7453,251,0.218601,CH4+Ox,7484,7,0,-2,12161,-999,831,-65.31158,-16.152347,3146079,2776015,15.065917,51.278762
0,0,755.7868,7457,219,0.218601,CH4+Ox,7497,5,0,-2,12145,-999,820,-64.46979,-16.168645,3146650,2776232,15.059204,51.278762
0,0,746.4346,7458,192,0.219367,CH4+Ox,7494,4,0,-2,12129,-999,810,-63.67915,-14.767611,3144679,2776321,15.059204,51.278762
0,0,736.6516,7464,168,0.218601,CH4+Ox,7488,3,0,-2,12113,-999,800,-62.91592,5.8991603,3120274,2776548,15.045776,51.278762
0,0,726.9558,7471,148,0.218601,CH4+Ox,7482,3,0,-2,12097,-999,789,-62.11755,96.732254,3036709,2775837,15.045776,51.278762
0,0,717.6053,7476,130,0.217452,CH4+Ox,7491,3,0,-2,12081,-999,779,-61.32628,333.54556,2893220,2775852,15.05249,51.278762
0,0,708.2155,7480,116,0.216686,CH4+Ox,7504,2,0,-2,12065,-999,769,-60.56319,758.76045,2730503,2775067,15.05249,51.278762
0,0,699.2077,7488,102,0.216686,CH4+Ox,7495,2,0,-2,12049,-999,759,-59.7969,1334.0352,2581024,2774534,15.065917,51.278762
0,0,689.6451,7494,92,0.214771,CH4+Ox,7496,2,0,-2,12033,-999,749,-59.06178,1979.0653,2455611,2774287,15.065917,51.278762
0,0,680.2652,7497,81,0.21975,CH4+Ox,7502,2,0,-2,12017,-999,739,-58.28139,2620.4085,2355748,2774281,15.065917,51.278762
0,0,671.5745,7504,73,0.218984,CH4+Ox,7523,2,0,-2,12001,-999,729,-57.5159,3199.6958,2279073,2773831,15.045776,51.278762
0,0,662.2441,7509,64,0.220133,CH4+Ox,7526,2,0,-2,11985,-999,719,-56.80666,3703.4811,2220735,2773502,15.045776,51.278762
0,0,653.6666,7507,57,0.217069,CH4+Ox,7512,1,0,-2,11969,-999,710,-56.04521,4106.9669,2179801,2774408,15.045776,51.278762
0,0,644.6826,7515,52,0.216303,CH4+Ox,7511,1,0,-2,11953,-999,700,-55.3452,4393.9962,2153030,2773774,15.05249,51.278762
0,0,636.4584,7523,48,0.216303,CH4+Ox,7520,1,0,-2,11937,-999,691,-54.61203,4536.2443,2142326,2773680,15.059204,51.278762
0,0,627.3804,7529,42,0.216686,CH4+Ox,7529,3,0,-2,11921,-999,681,-53.94086,4512.3815,2149462,2773983,15.065917,51.278762
0,0,619.8972,7540,39,0.217452,CH4+Ox,7544,1,0,-2,11905,-999,673,-53.2,4316.6379,2173817,2773970,15.065917,51.278762
0,0,611.6989,7535,36,0.218218,CH4+Ox,7544,1,0,-2,11889,-999,664,-52.58931,4160.3789,2192693,2774009,15.059204,51.278762
0,0,601.9685,7537,32,0.216686,CH4+Ox,7548,1,0,-2,11873,-999,654,-51.92025,3749.8755,2242498,2774128,15.045776,51.278762
0,0,594.3271,7539,31,0.214771,CH4+Ox,7547,1,0,-2,11857,-999,645,-51.12617,3263.5974,2305664,2774211,15.045776,51.278762
0,0,585.4581,7547,29,0.216303,CH4+Ox,7557,1,0,-2,11841,-999,636,-50.50256,2750.6701,2378264,2774269,15.05249,51.278762
0,0,577.7021,7558,27,0.214388,CH4+Ox,7553,1,0,-2,11825,-999,627,-49.77877,2258.1622,2456819,2774679,15.05249,51.278762
0,0,569.5073,7565,24,0.215154,CH4+Ox,7554,1,0,-2,11809,-999,619,-49.14581,1810.4318,2537513,2774811,15.065917,51.278762
0,0,561.5907,7572,23,0.214388,CH4+Ox,7546,1,0,-2,11793,-999,610,-48.47704,1429.0263,2615555,2774997,15.065917,51.278762
0,0,553.9224,7572,22,0.21592,CH4+Ox,7553,0,0,-2,11777,-999,602,-47.83096,1107.499,2690933,2775553,15.065917,51.278762
0,0,545.7084,7575,22,0.212856,CH4+Ox,7547,1,0,-2,11761,-999,593,-47.20516,848.76756,2761000,2775698,15.045776,51.278762
0,0,538.3978,7583,20,0.213622,CH4+Ox,7535,1,0,-2,11745,-999,585,-46.53483,643.23682,2824926,2775568,15.045776,51.278762
0,0,530.311,7580,19,0.214771,CH4+Ox,7534,1,0,-2,11729,-999,576,-45.93821,483.55422,2881893,2776020,15.045776,51.278762
0,0,522.9976,7589,19,0.214005,CH4+Ox,7540,0,0,-2,11713,-999,568,-45.27826,361.83967,2930561,2775866,15.05249,51.278762
0,0,515.4478,7594,18,0.212473,CH4+Ox,7536,1,0,-2,11697,-999,560,-44.68142,270.54843,2972335,2776183,15.059204,51.278762
0,0,507.8611,7601,18,0.218218,CH4+Ox,7544,1,0,-2,11681,-999,552,-44.06528,200.96249,3006667,2775845,15.065917,51.278762
0,0,500.4563,7609,16,0.21209,CH4+Ox,7544,1,0,-2,11665,-999,544,-43.44614,151.58947,3033724,2776334,15.065917,51.278762
0,0,493.0974,7612,17,0.213239,CH4+Ox,7543,1,0,-2,11649,-999,536,-42.84184,113.80991,3055798,2775962,15.059204,51.278762
0,0,486.3827,7617,16,0.214388,CH4+Ox,7533,1,0,-2,11633,-999,529,-42.24129,87.030439,3072540,2775838,15.045776,51.278762
0,0,479.2347,7625,15,0.213622,CH4+Ox,7533,1,0,-2,11617,-999,521,-41.6933,66.094069,3086413,2776012,15.045776,51.278762
0,0,472.3872,7629,14,0.213239,CH4+Ox,7531,1,0,-2,11601,-999,513,-41.10995,51.116409,3096137,2776144,15.05249,51.278762
0,0,464.9871,7634,14,0.213239,CH4+Ox,7527,0,0,-2,11585,-999,506,-40.55114,39.837584,3103916,2776196,15.059204,51.278762
0,0,458.3373,7634,14,0.211707,CH4+Ox,7526,2,0,-2,11569,-999,498,-39.94722,31.0311,3109842,2775936,15.065917,51.278762
0,0,451.4206,7637,14,0.216303,CH4+Ox,7516,0,0,-2,11553,-999,491,-39.40454,24.770283,3114639,2776373,15.059204,51.278762
0,0,445.054,7639,13,0.214005,CH4+Ox,7509,1,0,-2,11537,-999,484,-38.84007,22.419722,3116436,2776323,15.059204,51.278762
0,0,438.407,7639,13,0.213239,CH4+Ox,7499,1,0,-2,11521,-999,477,-38.3205,18.236367,3119579,2776821,15.045776,51.278762
0,0,431.6646,7641,13,0.21209,CH4+Ox,7515,1,0,-2,11505,-999,469,-37.77805,14.157768,3122382,2776448,15.045776,51.278762
0,0,425.4871,7642,13,0.212473,CH4+Ox,7503,1,0,-2,11489,-999,463,-37.2278,11.978454,3124003,2776256,15.045776,51.278762
0,0,419.233,7642,13,0.212473,CH4+Ox,7495,1,0,-2,11473,-999,456,-36.72366,9.594841,3125775,2776357,15.05249,51.278762
0,0,412.9543,7646,13,0.214388,CH4+Ox,7505,1,0,-2,11457,-999,449,-36.21326,7.6328182,3127076,2775966,15.059204,51.278762
0,0,406.8525,7646,14,0.215537,CH4+Ox,7493,1,0,-2,11441,-999,443,-35.70087,6.5356822,3128244,2775975,15.065917,51.278762
0,0,400.1169,7648,13,0.21209,CH4+Ox,7487,1,0,-2,11425,-999,435,-35.2029,4.5662574,3129235,2776136,15.065917,51.278762
0,0,394.9604,7650,13,0.213622,CH4+Ox,7476,1,0,-2,11409,-999,430,-34.65322,4.1627788,3130182,2776343,15.059204,51.278762
0,0,388.7025,7657,13,0.216303,CH4+Ox,7458,1,0,-2,11393,-999,423,-34.2324,2.7644367,3130547,2775896,15.045776,51.278762
0,0,382.532,7660,12,0.215154,CH4+Ox,7470,1,0,-2,11377,-999,416,-33.7217,2.5077629,3131243,2776260,15.045776,51.278762
0,0,377.5004,7657,12,0.21209,CH4+Ox,7474,0,0,-2,11361,-999,411,-33.21813,1.6445183,3131722,2776300,15.05249,51.278762
0,0,370.7831,7655,13,0.214388,CH4+Ox,7472,1,0,-2,11345,-999,404,-32.80751,0.6859837,3132527,2776278,15.059204,51.278762
0,0,365.2906,7657,13,0.212473,CH4+Ox,7477,1,0,-2,11329,-999,398,-32.25931,0.19325954,3132850,2776056,15.065917,51.278762
0,0,360.2262,7659,12,0.212473,CH4+Ox,7471,1,0,-2,11313,-999,392,-31.81107,-1.0174237,3133826,2775931,15.065917,51.278762
0,0,354.2693,7660,13,0.212856,CH4+Ox,7460,1,0,-2,11297,-999,386,-31.39777,-0.31313188,3133469,2776695,15.059204,51.278762
0,0,348.6181,7665,12,0.212856,CH4+Ox,7446,1,0,-2,11281,-999,380,-30.91163,-0.60969285,3134019,2776357,15.045776,51.278762
0,0,343.9427,7667,12,0.212473,CH4+Ox,7441,1,0,-2,11265,-999,374,-30.45044,-2.1685054,3134583,2775933,15.045776,51.278762
0,0,338.0629,7672,11,0.214005,CH4+Ox,7443,0,0,-2,11249,-999,368,-30.06889,-2.3846969,3134764,2776005,15.05249,51.278762
0,0,332.4848,7675,12,0.212473,CH4+Ox,7439,1,0,-2,11233,-999,362,-29.58904,-2.2878229,3135103,2775944,15.05249,51.278762
0,0,327.825,7676,11,0.213622,CH4+Ox,7445,1,0,-2,11217,-999,357,-29.13381,-2.5651724,3135402,2776367,15.065917,51.278762
0,0,322.6142,7675,11,0.21209,CH4+Ox,7449,1,0,-2,11201,-999,351,-28.75353,-2.9614459,3135117,2776095,15.065917,51.278762
0,0,317.2084,7674,13,0.213239,CH4+Ox,7445,2,0,-2,11185,-999,346,-28.32829,-2.6930086,3135634,2776400,15.065917,51.278762
0,0,312.6148,7677,12,0.210558,CH4+Ox,7447,2,0,-2,11169,-999,341,-27.88712,-3.257524,3135700,2776370,15.059204,51.278762
0,0,307.2704,7680,12,0.213622,CH4+Ox,7445,1,0,-2,11153,-999,335,-27.51225,-3.6678211,3136034,2775818,15.045776,51.278762
0,0,302.7252,7687,12,0.212473,CH4+Ox,7448,0,0,-2,11137,-999,330,-27.07609,-3.5147399,3136015,2776221,15.045776,51.278762
0,0,297.9337,7690,13,0.212473,CH4+Ox,7450,1,0,-2,11121,-999,325,-26.70516,-3.5662002,3135837,2776439,15.05249,51.278762
0,0,293.4265,7694,13,0.214771,CH4+Ox,7444,1,0,-2,11105,-999,320,-26.31413,-4.4421248,3136449,2775979,15.059204,51.278762
0,0,290.1113,7693,13,0.216303,CH4+Ox,7437,1,0,-2,11089,-999,316,-25.9463,-4.2145981,3136858,2776321,15.065917,51.278762
0,0,284.4676,7695,13,0.210558,CH4+Ox,7430,0,0,-2,11073,-999,310,-25.67575,-4.3706545,3136759,2776019,15.065917,51.278762
0,0,279.7533,7698,13,0.214771,CH4+Ox,7435,1,0,-2,11057,-999,305,-25.21517,-4.512113,3136851,2776116,15.059204,51.278762
0,0,275.0786,7697,12,0.216303,CH4+Ox,7428,1,0,-2,11041,-999,300,-24.83044,-4.6216993,3137099,2776342,15.045776,51.278762
0,0,271.2016,7698,13,0.215154,CH4+Ox,7427,1,0,-2,11025,-999,296,-24.44894,-5.1586461,3137377,2776115,15.045776,51.278762
0,0,266.6609,7700,13,0.214005,CH4+Ox,7422,1,0,-2,11009,-999,291,-24.13255,-4.9642848,3136809,2775995,15.05249,51.278762
0,0,262.5588,7703,11,0.214771,CH4+Ox,7418,1,0,-2,10993,-999,286,-23.76198,-5.3559832,3137281,2776016,15.05249,51.278762
0,0,258.4479,7703,11,0.215537,CH4+Ox,7417,0,0,-2,10977,-999,282,-23.42721,-5.332447,3137228,2776029,15.065917,51.278762
0,0,254.3945,7703,12,0.214005,CH4+Ox,7411,0,0,-2,10961,-999,277,-23.09172,-5.5566015,3137814,2776166,15.065917,51.278762
0,0,249.8853,7703,12,0.214388,CH4+Ox,7408,1,0,-2,10945,-999,273,-22.76093,-5.8956923,3137617,2776099,15.059204,51.278762
0,0,246.3966,7705,11,0.212856,CH4+Ox,7404,0,0,-2,10929,-999,269,-22.39293,-5.8241357,3137765,2775598,15.045776,51.278762
0,0,242.4334,7706,10,0.213239,CH4+Ox,7395,0,0,-2,10913,-999,265,-22.10823,-5.6681694,3137727,2775868,15.045776,51.278762
0,0,238.3563,7709,10,0.21592,CH4+Ox,7393,1,0,-2,10897,-999,260,-21.78479,-6.0460982,3137850,2775728,15.045776,51.278762
0,0,235.2443,7708,11,0.216686,CH4+Ox,7394,1,0,-2,10881,-999,257,-21.45207,-6.2440686,3137945,2776059,15.05249,51.278762
0,0,230.5525,7707,11,0.214771,CH4+Ox,7392,1,0,-2,10865,-999,252,-21.1981,-6.508852,3138077,2775857,15.059204,51.278762
0,0,227.1259,7706,11,0.214005,CH4+Ox,7390,1,0,-2,10849,-999,248,-20.8152,-6.3467855,3138190,2776207,15.065917,51.278762
0,0,223.4135,7706,11,0.215537,CH4+Ox,7389,1,0,-2,10833,-999,244,-20.53556,-6.2540769,3138198,2776154,15.065917,51.278762
0,0,220.0221,7705,13,0.215537,CH4+Ox,7399,1,0,-2,10817,-999,240,-20.23259,-6.5613346,3138317,2776348,15.059204,51.278762
0,0,216.3617,7706,13,0.215537,CH4+Ox,7398,1,0,-2,10801,-999,236,-19.95583,-6.9267354,3138770,2775767,15.045776,51.278762
0,0,213.2921,7704,13,0.21592,CH4+Ox,7400,0,0,-2,10785,-999,233,-19.6571,-6.7585954,3138641,2776323,15.045776,51.278762
0,0,209.4499,7704,11,0.217452,CH4+Ox,7396,1,0,-2,10769,-999,229,-19.4066,-7.1522712,3138728,2776188,15.05249,51.278762
0,0,205.8485,7701,12,0.213622,CH4+Ox,7394,1,0,-2,10753,-999,225,-19.09304,-6.9028043,3138841,2776344,15.05249,51.278762
0,0,203.0386,7704,12,0.214388,CH4+Ox,7395,1,0,-2,10737,-999,222,-18.79913,-7.2168674,3138851,2776029,15.065917,51.278762
0,0,199.6798,7704,12,0.215537,CH4+Ox,7387,1,0,-2,10721,-999,218,-18.56982,-7.5613765,3139074,2775824,15.065917,51.278762
0,0,196.3332,7706,12,0.21592,CH4+Ox,7383,1,0,-2,10705,-999,215,-18.29571,-7.0632524,3139140,2775949,15.065917,51.278762
